:			-	-	-	-	
			A	Annotated	Manual	Automated	
Black	Dot	1	1	0.35	0.16483116	0.141966	
Black	Dot	2	3	0.6	0.9056591	0.24168505	
Black	Dot	3	4	0.35	0.11999917	0.075411394	
Black	Dot	4	6	0.45	0.25788608	0.06526871	
Black	Dot	5	8	0.25	0.27318972	0.07699326	
Black	Dot	6	10	0.2	0.033116587	0.17149162	
Black	Dot	7	11	0.25	0.20562	0.20562	
Black	Dot	8	12	0.2	0.06906407	0.12914959	
Black	Dot	9	14	0.15	0.22847432	0.3747813	
Black	Dot	10	15	0.5	0.11770685	0.10870636	
Black	Dot	11	16	0.275	0.14669615	0.31737378	
Black	Dot	12	17	0.3	0.2179797	0.3744107	
Black	Dot	13	18	0.6	0.16440023	0.15739429	
Black	Dot	14	21	0.4	0.09610744	0.2244042	
Black	Dot	15	26	0.25	0.051700577	0.14401357	
Black	Dot	16	27	0.4	0.055294707	0.04712689	
Black	Dot	17	30	0.25	0.09878863	0.08633355	
Black	Dot	18	31	0.6	0.20254305	0.19289996	
Black	Dot	19	32	0.6	0.48332527	0.55986136	
Black	Dot	20	33	0.45	0.068595335	0.045199484	
Black	Dot	21	35	0.25	0.08567269	0.08567274	
Black	Dot	22	36	0.55	0.247035	0.18804054	
Black	Dot	23	39	0.5	0.030605704	0.0276764	
Black	Dot	24	41	0.2	0.03898905	0.03898905	
Black	Dot	25	44	0.4	0.2806313	0.120111085	
Black	Dot	26	46	0.4	0.06907126	0.27812302	
Black	Dot	27	48	0.7	0.28841507	0.32156104	
Black	Dot	28	51	0.5	0.057313636	0.0670334	
Black	Dot	29	52	0.4	0.07105503	0.1496785	
Black	Dot	30	53	0.85	0.91937345	0.52412236	
Black	Dot	31	55	0.3	0.12003791	0.19022556	
Black	Dot	32	56	0.3	0.07933957	0.13939446	
Black	Dot	33	58	0.45	0.23017049	0.4623941	
Black	Dot	34	60	0.5	0.18237402	0.4332707	
Black	Dot	35	61	0.3	0.30120626	0.22327486	
Black	Dot	36	62	0.35	0.31214866	0.07991093	
Black	Dot	37	67	0.25	0.04270552	0.08567274	
Black	Dot	38	69	0.35	0.068521194	0.022129292	
Black	Dot	39	70	0.3	0.15107945	0.30837327	
Black	Dot	40	71	0.25	0.05045055	0.06504114	
Black	Dot	41	72	0.2	0.20147713	0.20147713	
Black	Dot	42	75	0.35	0.07107671	0.14954819	
Black	Dot	43	78	0.45	0.27835363	0.18309279	
Black	Dot	44	79	0.55	0.058410533	0.13983187	
Black	Dot	45	80	0.6	0.06609895	0.18062745	
Black	Dot	46	82	0.55	0.09092448	0.06977789	
Black	Dot	47	83	0.45	0.106098756	0.064781725	
Black	Dot	48	85	0.7	0.39536795	0.48638672	
Black	Dot	49	87	0.5	0.12111199	0.09751973	
Black	Dot	50	88	0.55	0.07322969	0.02850192	
Black	Dot	51	89	0.4	0.20082603	0.1396312	
Black	Dot	52	90	0.4	0.13116857	0.39475328	
Black	Dot	53	93	0.4	0.09186439	0.08455297	
Black	Dot	54	94	0.5	0.029495193	0.044713818	
Black	Dot	55	95	0.5	0.35060325	0.5846169	
Black	Dot	56	98	0.3	0.036371585	0.16667487	
Black	Dot	57	100	0.8	0.76644164	0.66553557	
Black	Dot	58	101	0.35	0.05177671	0.17632091	
Black	Dot	59	102	0.55	0.097122036	0.18868014	
Black	Dot	60	111	0.35	0.21662115	0.2215881	
Black	Dot	61	113	0.25	0.02570762	0.26944506	
Black	Dot	62	115	0.3	0.073921256	0.067557566	
Black	Dot	63	116	0.35	0.026036523	0.08567274	
Black	Dot	64	120	0.45	0.072078176	0.30472484	
Black	Dot	65	122	0.45	0.08456061	0.46040028	
Black	Dot	66	123	0.4	0.03898905	0.03898905	
Black	Dot	67	124	0.45	0.017128332	0.022053745	
Black	Dot	68	128	0.3	0.06552133	0.054892264	
Black	Dot	69	132	0.25	0.44268137	0.055118836	
Black	Dot	70	135	0.4	0.120506935	0.13932565	
Black	Dot	71	136	0.45	0.10276569	0.21090025	
Black	Dot	72	137	0.3	0.026036523	0.08567274	
Black	Dot	73	139	0.3	0.11225677	0.088718496	
Black	Dot	74	141	0.7	0.6519473	0.42478773	
Black	Dot	75	143	0.65	0.3585354	0.53125775	
Black	Dot	76	145	0.3	0.02532672	0.11996975	
Black	Dot	77	147	0.65	0.64797026	0.069400325	
Black	Dot	78	149	0.35	0.82268196	0.22558837	
Black	Dot	79	151	0.3	0.15711358	0.09404389	
Black	Dot	80	152	0.55	0.17348367	0.31489706	
Black	Dot	81	153	0.35	0.026036523	0.08567274	
Black	Dot	82	155	0.35	0.37907884	0.28361815	
Black	Dot	83	156	0.55	0.05075421	0.060882654	
Black	Dot	84	159	0.35	0.0947979	0.09008158	
Black	Dot	85	160	0.45	0.1899144	0.15543257	
Black	Dot	86	161	0.4	0.3576696	0.32188633	
Black	Dot	87	162	0.35	0.019463167	0.11997969	
Black	Dot	88	165	0.3	0.4423631	0.32172224	
Black	Dot	89	166	0.55	0.1727696	0.3220087	
Black	Dot	90	167	0.6	0.19449234	0.0605444	
Black	Dot	91	170	0.35	0.19476773	0.07016525	
Black	Dot	92	171	0.4	0.14681739	0.11697915	
Black	Dot	93	172	0.35	0.06020599	0.0908453	
Black	Dot	94	173	0.35	0.46616665	0.8378102	
Black	Dot	95	174	0.25	0.16447067	0.24308197	
Black	Dot	96	176	0.35	0.07388559	0.12610137	
Black	Dot	97	177	0.35	0.066098556	0.014387751	
Black	Dot	98	178	0.4	0.07172363	0.092194155	
Black	Dot	99	179	0.3	0.04102267	0.036896557	
Black	Dot	100	180	0.7	0.83785176	0.46589994	
Black	Dot	101	182	0.25	0.026036523	0.08567274	
Black	Dot	102	183	0.375	0.4203471	0.2636145	
Black	Dot	103	184	0.565	0.072984084	0.11281805	
Black	Dot	104	185	0.325	0.028028999	0.022737239	
Black	Dot	105	186	0.25	0.21585928	0.05971069	
Black	Dot	106	191	0.26	0.26820636	0.23577014	
Black	Dot	107	193	0.3	0.08089301	0.26073518	
Black	Dot	108	198	0.37	0.16444807	0.185661	
Black	Dot	109	199	0.32	0.06274695	0.013903789	
Black	Dot	110	201	0.35	0.15722497	0.20371424	
Black	Dot	111	202	0.7	0.37739238	0.8461803	
Black	Dot	112	204	0.315	0.10225665	0.102185294	
Black	Dot	113	205	0.36	0.089296065	0.075210735	
Black	Dot	114	206	0.6	0.11940002	0.3758736	
Black	Dot	115	210	0.8	0.8353001	0.56824	
Black	Dot	116	211	0.415	0.047899414	0.07202784	
Black	Dot	117	214	0.65	0.5356143	0.2126157	
Black	Dot	118	217	0.35	0.6079781	0.53088546	
Black	Dot	119	220	0.5	0.030298721	0.1886272	
Black	Dot	120	221	0.5	0.040707722	0.03017466	
Black	Dot	121	222	0.35	0.008482103	0.021569576	
Black	Dot	122	225	0.4	0.16054934	0.18336079	
Black	Dot	123	226	0.2	0.02615584	0.1015216	
Black	Dot	124	228	0.7	0.93604475	0.51890403	
Black	Dot	125	230	0.375	0.08456229	0.45115814	
Black	Dot	126	231	0.3	0.025458323	0.026103824	
Black	Dot	127	232	0.35	0.034678057	0.03717389	
Black	Dot	128	233	0.45	0.072281815	0.07696581	
Black	Dot	129	235	0.25	0.43704018	0.37145776	
Black	Dot	130	236	0.45	0.12067725	0.18220362	
Black	Dot	131	237	0.35	0.039126467	0.28024527	
Black	Dot	132	239	0.35	0.15869582	0.228488	
Black	Dot	133	240	0.35	0.0584399	0.05023277	
Black	Dot	134	241	0.6	0.22333062	0.119622685	
Black	Dot	135	242	0.575	0.6519473	0.5036338	
Black	Dot	136	244	0.3	0.05085145	0.23722711	
Black	Dot	137	246	0.5	0.18482327	0.14984518	
Black	Dot	138	247	0.55	0.14806008	0.09665813	
Black	Dot	139	250	0.41	0.069986835	0.37891832	
Black	Dot	140	251	0.45	0.4131409	0.4131409	
Black	Dot	141	252	0.4	0.10314401	0.05374307	
Black	Dot	142	253	0.55	0.11722466	0.09185018	
Black	Dot	143	254	0.35	0.22200008	0.31044236	
Black	Dot	144	256	0.65	0.9017743	0.2812337	
Black	Dot	145	258	0.6	0.903035	0.8417515	
Black	Dot	146	259	0.45	0.3029191	0.22676918	
Black	Dot	147	261	0.3	0.08602575	0.12403522	
Black	Dot	148	262	0.5	0.045060035	0.060478874	
Black	Dot	149	263	0.415	0.18823907	0.26725814	
Black	Dot	150	267	0.37	0.021696405	0.11921639	
Black	Dot	151	270	0.3	0.19491313	0.1243252	
Black	Dot	152	271	0.425	0.07541208	0.12001978	
Black	Dot	153	272	0.45	0.08948287	0.048411198	
Black	Dot	154	276	0.45	0.10143691	0.1248645	
Black	Dot	155	278	0.3	0.08678985	0.090376094	
Black	Dot	156	279	0.27	0.06407267	0.15934764	
Black	Dot	157	280	0.325	0.19504191	0.09566163	
Black	Dot	158	281	0.55	0.5030678	0.6885538	
Black	Dot	159	282	0.45	0.040503338	0.2510856	
Black	Dot	160	283	0.35	0.0903978	0.06744732	
Black	Dot	161	285	0.325	0.06431792	0.091551654	
Black	Dot	162	287	0.35	0.112627074	0.35144654	
Black	Dot	163	288	0.4	0.06983021	0.065943	
Black	Dot	164	290	0.865	0.24369715	0.2616182	
Black	Dot	165	292	0.6	0.094772846	0.24331637	
Black	Dot	166	295	0.55	0.76644164	0.8377612	
Black	Dot	167	296	0.415	0.228209	0.09851823	
Black	Dot	168	299	0.2	0.03573	0.069400325	
Black	Dot	169	300	0.5	0.20276088	0.13550289	
Black	Dot	170	304	0.325	0.12913947	0.1753159	
Black	Dot	171	306	0.4	0.071830034	0.12372314	
Black	Dot	172	309	0.45	0.19299105	0.18435368	
Black	Dot	173	311	0.45	0.07159731	0.12642147	
Black	Dot	174	312	0.25	0.09464531	0.08773874	
Black	Dot	175	313	0.4	0.14884709	0.38277024	
Black	Dot	176	314	0.65	0.34593397	0.2796386	
Black	Dot	177	316	0.375	0.28127736	0.23149192	
Black	Dot	178	317	0.3	0.23329684	0.22157627	
Black	Dot	179	320	0.36	0.06880999	0.0943095	
Black	Dot	180	321	0.75	0.11438891	0.19358428	
Black	Dot	181	323	0.3	0.22936594	0.36221752	
Black	Dot	182	326	0.3	0.19650401	0.11697232	
Black	Dot	183	327	0.675	0.7143426	0.7309962	
Black	Dot	184	328	0.45	0.061987787	0.1180953	
Black	Dot	185	329	0.3	0.03349845	0.065668635	
Black	Dot	186	330	0.3	0.102737635	0.19893026	
Black	Dot	187	332	0.265	0.08928127	0.19269769	
Black	Dot	188	334	0.25	0.05353116	0.15343755	
Black	Dot	189	335	0.55	0.16515574	0.051538162	
Black	Dot	190	340	0.35	0.07827765	0.1748343	
Black	Dot	191	341	0.415	0.06553929	0.608855	
Black	Dot	192	343	0.75	0.87302107	0.05540918	
Black	Dot	193	344	0.415	0.06690233	0.16499062	
Black	Dot	194	345	0.45	0.1679957	0.029222826	
Black	Dot	195	346	0.7	0.87185377	0.87158597	
Black	Dot	196	347	0.415	0.07474487	0.06706048	
Black	Dot	197	348	0.3	0.08730334	0.4383459	
Black	Dot	198	349	0.5	0.07301391	0.075016975	
Black	Dot	199	350	0.365	0.055922437	0.013910474	
Black	Dot	200	351	0.31	0.08142568	0.052300096	
Black	Dot	201	354	0.4	0.13445549	0.12353535	
Black	Dot	202	355	0.405	0.19340013	0.27761242	
Black	Dot	203	356	0.3	0.08055602	0.1790097	
Black	Dot	204	358	0.26	0.052372117	0.18432106	
Black	Dot	205	360	0.35	0.14049491	0.21836436	
Black	Dot	206	362	0.45	0.087303296	0.059412777	
Black	Dot	207	364	0.25	0.07166994	0.18836628	
Black	Dot	208	365	0.4	0.0330336	0.10968167	
Black	Dot	209	366	0.36	0.04241877	0.070052445	
Black	Dot	210	369	0.265	0.067873195	0.06947132	
Black	Dot	211	372	0.5	0.0609905	0.15529376	
Black	Dot	212	373	0.5	0.08959002	0.07419248	
Black	Dot	213	374	0.4	0.05883418	0.029278833	
Black	Dot	214	375	0.465	0.1439099	0.069545396	
Black	Dot	215	376	0.25	0.093774304	0.27411827	
Black	Dot	216	378	0.27	0.045140393	0.087924324	
Black	Dot	217	379	0.3	0.14802551	0.109812506	
Black	Dot	218	380	0.4	0.13797548	0.057748776	
Black	Dot	219	381	0.45	0.06782225	0.067822255	
Black	Dot	220	382	0.475	0.6519473	0.36035725	
Black	Dot	221	385	0.465	0.26133487	0.3424692	
Black	Dot	222	387	0.45	0.15695263	0.1229845	
Black	Dot	223	388	0.52	0.1601511	0.11810568	
Black	Dot	224	389	0.415	0.43062308	0.20557389	
Black	Dot	225	395	0.2	0.015804157	0.15386072	
Black	Dot	226	396	0.45	0.052317698	0.07382473	
Black	Dot	227	397	0.35	0.066534504	0.050369423	
Black	Dot	228	398	0.25	0.13648541	0.21127209	
Black	Dot	229	401	0.25	0.20688997	0.29194823	
Black	Dot	230	403	0.4	0.43784454	0.3764772	
Black	Dot	231	407	0.37	0.08573235	0.017555868	
Black	Dot	232	409	0.35	0.048692606	0.23043169	
Black	Dot	233	410	0.3	0.051144876	0.017097916	
Black	Dot	234	411	0.6	0.7524018	0.6192484	
Black	Dot	235	412	0.6	0.28312328	0.21162035	
Black	Dot	236	413	0.27	0.08332991	0.18107069	
Black	Dot	237	414	0.4	0.11716251	0.7143426	
Black	Dot	238	415	0.4	0.07256213	0.1868188	
Black	Dot	239	416	0.35	0.56821465	0.06892548	
Black	Dot	240	417	0.85	0.7886199	0.104967445	
Black	Dot	241	418	0.27	0.07068577	0.071321286	
Black	Dot	242	419	0.3	0.096510805	0.32437262	
Black	Dot	243	420	0.25	0.08605947	0.073800534	
Black	Dot	244	421	0.375	0.04477608	0.09183673	
Black	Dot	245	422	0.325	0.06989445	0.06643543	
Black	Dot	246	423	0.5	0.68910694	0.22793214	
Black	Dot	247	424	0.4	0.037972815	0.061182983	
Black	Dot	248	425	0.375	0.5473082	0.15409507	
Black	Dot	249	426	0.45	0.046592757	0.043735184	
Black	Dot	250	427	0.35	0.06928959	0.12236895	
Black	Dot	251	428	0.375	0.68869936	0.081195466	
Black	Dot	252	429	0.3	0.176765	0.12162638	
Black	Dot	253	431	0.3	0.14973019	0.12372232	
Black	Dot	254	434	0.315	0.86898154	0.21385123	
Black	Dot	255	435	0.45	0.960139	0.09537508	
Black	Dot	256	437	0.5	0.29729074	0.3019595	
Black	Dot	257	438	0.26	0.022490496	0.034351725	
Black	Dot	258	439	0.275	0.035135474	0.019543702	
Black	Dot	259	441	0.325	0.18311958	0.12619089	
Black	Dot	260	443	0.515	0.13421197	0.20885597	
Black	Dot	261	445	0.3	0.033545148	0.17278948	
Black	Dot	262	447	0.4	0.041719593	0.11210336	
Black	Dot	263	449	0.4	0.0801393	0.05136267	
Black	Dot	264	450	0.45	0.17204009	0.3158564	
Black	Dot	265	451	0.45	0.047970753	0.047596697	
Black	Dot	266	453	0.2	0.06986426	0.059526887	
Black	Dot	267	454	0.3	0.12080718	0.33361354	
Black	Dot	268	455	0.3	0.033904508	0.1098831	
Black	Dot	269	458	0.3	0.12420508	0.086869776	
Black	Dot	270	460	0.3	0.025558641	0.029255781	
Black	Dot	271	462	0.3	0.04169659	0.06380259	
Black	Dot	272	463	0.6	0.964636	0.18332975	
Black	Dot	273	465	1	0.9842272	0.38356864	
Black	Dot	274	466	0.45	0.04453018	0.021656707	
Black	Dot	275	467	0.45	0.90982157	0.43390483	
Black	Dot	276	471	0.465	0.2824359	0.15266638	
Black	Dot	277	472	0.5	0.06699019	0.09187348	
Black	Dot	278	473	1	0.96469957	0.32134137	
Black	Dot	279	474	0.525	0.56415206	0.36628366	
Black	Dot	280	475	0.35	0.043004453	0.061604425	
Black	Dot	281	476	0.4	0.13467014	0.10813108	
Black	Dot	282	478	0.3	0.055825967	0.07464211	
Black	Dot	283	480	0.4	0.10420533	0.0668263	
Black	Dot	284	481	0.45	0.08730334	0.1345974	
Black	Dot	285	483	0.425	0.24511674	0.09587826	
Black	Dot	286	484	0.75	0.9785658	0.93329823	
Black	Dot	287	486	0.45	0.33379638	0.16740091	
Black	Dot	288	489	0.275	0.36316213	0.5522218	
Black	Dot	289	491	0.4	0.069376335	0.08392877	
Black	Dot	290	492	0.25	0.017190948	0.12813872	
Black	Dot	291	493	0.2	0.17167923	0.12372232	
Black	Dot	292	494	0.45	0.17633699	0.08169299	
Black	Dot	293	495	0.35	0.2081567	0.11635213	
Black	Dot	294	496	0.3	0.14948834	0.2166218	
Black	Dot	295	497	0.25	0.035691086	0.020610962	
Black	Dot	296	499	0.275	0.3654994	0.23283006	
Black	Dot	297	500	0.325	0.066545404	0.1255782	
Black	Dot	298	501	0.45	0.1821508	0.32125974	
Black	Dot	299	502	0.4	0.08157255	0.069272555	
Black	Dot	300	503	0.27	0.07157204	0.050923683	
Black	Dot	301	504	0.4	0.11228294	0.048372906	
Black	Dot	302	505	0.4	0.3118142	0.32126305	
Black	Dot	303	506	0.55	0.36860353	0.23177885	
Black	Dot	304	507	0.775	0.933428	0.76644164	
Black	Dot	305	509	0.4	0.1649546	0.22548379	
Black	Dot	306	510	0.2	0.03448509	0.21151535	
Black	Dot	307	511	0.45	0.07075588	0.03571277	
Black	Dot	308	513	0.42	0.13421007	0.6189208	
Black	Dot	309	515	0.4	0.025458323	0.09088505	
Black	Dot	310	516	0.4	0.05670796	0.061662104	
Black	Dot	311	518	0.425	0.23207514	0.5358662	
Black	Dot	312	519	0.75	0.2197284	0.33533892	
Black	Dot	313	520	0.25	0.037690133	0.07223738	
Black	Dot	314	522	0.42	0.040584736	0.030481908	
Black	Dot	315	523	0.45	0.94735736	0.2022816	
Black	Dot	316	524	0.42	0.04147035	0.12047182	
Black	Dot	317	525	0.45	0.12703954	0.14881025	
Black	Dot	318	528	0.255	0.11620045	0.27677724	
Black	Dot	319	530	0.7	0.31390235	0.06552089	
Black	Dot	320	533	0.35	0.05044155	0.0323404	
Black	Dot	321	536	0.275	0.068874605	0.19263001	
Black	Dot	322	539	0.45	0.23069575	0.16780642	
Black	Dot	323	540	0.8	0.95518947	0.11006337	
Black	Dot	324	541	0.32	0.02933882	0.029680673	
Black	Dot	325	543	0.35	0.094969474	0.16760598	
Black	Dot	326	544	0.45	0.08353923	0.072880216	
Black	Dot	327	546	0.3	0.025236707	0.11632173	
Black	Dot	328	547	0.375	0.03548374	0.17843737	
Black	Dot	329	550	0.45	0.11691103	0.06552396	
Black	Dot	330	552	0.375	0.06646178	0.060483802	
Black	Dot	331	553	0.575	0.08958795	0.14892578	
Black	Dot	332	554	0.5	0.07488943	0.19043915	
Black	Dot	333	555	0.45	0.09211693	0.18187222	
Black	Dot	334	557	0.67	0.06966893	0.06634471	
Black	Dot	335	560	0.65	0.39757392	0.7143426	
Black	Dot	336	561	0.51	0.20546298	0.24039327	
Black	Dot	337	562	0.65	0.44361562	0.30519646	
Black	Dot	338	563	0.465	0.048021454	0.049894903	
Black	Dot	339	564	0.35	0.11004242	0.095591955	
Black	Dot	340	565	0.35	0.087199315	0.019334123	
Black	Dot	341	566	0.355	0.051875535	0.025315024	
Black	Dot	342	568	0.4	0.08730334	0.30321363	
Black	Dot	343	569	0.3	0.04673956	0.05218655	
Black	Dot	344	570	0.3	0.04885308	0.042702407	
Black	Dot	345	573	0.505	0.10361983	0.113300905	
Black	Dot	346	574	0.32	0.09360719	0.34629872	
Black	Dot	347	575	0.25	0.041536745	0.5845595	
Black	Dot	348	577	0.9	0.966828	0.1968799	
Black	Dot	349	578	0.45	0.05382743	0.06689116	
Black	Dot	350	579	0.315	0.11520709	0.18266457	
Black	Dot	351	581	0.5	0.04630182	0.195144	
Black	Dot	352	583	0.45	0.22997609	0.10584785	
Black	Dot	353	584	0.5	0.055480264	0.0663938	
Black	Dot	354	585	0.4	0.07147544	0.023805825	
Black	Dot	355	586	0.45	0.07480624	0.059939753	
Black	Dot	356	587	0.45	0.18562676	0.36585355	
Black	Dot	357	590	0.6	0.20665549	0.31343517	
Black	Dot	358	591	0.375	0.07964048	0.06801549	
Black	Dot	359	592	0.45	0.10768132	0.06565961	
Black	Dot	360	594	0.45	0.89954036	0.12042176	
Black	Dot	361	595	0.3	0.06530183	0.23373117	
Black	Dot	362	596	0.35	0.097744256	0.1922127	
Black	Dot	363	597	0.37	0.06064763	0.062093306	
Black	Dot	364	599	0.45	0.7213846	0.7143426	
Black	Dot	365	600	0.35	0.121452644	0.17226174	
Black	Dot	366	601	0.715	0.6186982	0.28896895	
Black	Dot	367	602	0.5	0.32242563	0.2319471	
Black	Dot	368	604	0.4	0.09340039	0.14755294	
Black	Dot	369	605	0.35	0.06878356	0.11662344	
Black	Dot	370	606	0.365	0.064210445	0.093212605	
Black	Dot	371	610	0.4	0.091420785	0.37431663	
Black	Dot	372	611	0.4	0.034887347	0.030344838	
Black	Dot	373	616	0.42	0.14556113	0.33044612	
Black	Dot	374	617	0.45	0.14164028	0.042420115	
Black	Dot	375	618	0.5	0.040503956	0.044726048	
Black	Dot	376	619	0.3	0.0963713	0.22632799	
Black	Dot	377	620	0.7	0.6479155	0.46589994	
Black	Dot	378	622	0.45	0.07352493	0.12265546	
Black	Dot	379	624	0.31	0.073228575	0.12803018	
Black	Dot	380	625	0.25	0.19949894	0.15375075	
Black	Dot	381	627	0.35	0.07816168	0.069899894	
Black	Dot	382	628	0.5	0.0789929	0.18040983	
Black	Dot	383	629	0.565	0.15757209	0.11199514	
Black	Dot	384	630	0.45	0.15697096	0.16978267	
Black	Dot	385	631	0.6	0.16372126	0.073870204	
Black	Dot	386	632	0.45	0.32155633	0.37377116	
Black	Dot	387	633	0.45	0.3592112	0.12357074	
Black	Dot	388	634	0.45	0.29759896	0.114734374	
Black	Dot	389	635	0.32	0.23348336	0.11623263	
Black	Dot	390	637	0.35	0.071542874	0.069941856	
Black	Dot	391	639	0.4	0.03964877	0.43257087	
Black	Dot	392	641	0.365	0.15126583	0.22782962	
Black	Dot	393	642	0.5	0.038372986	0.0676889	
Black	Dot	394	643	0.5	0.01625321	0.051384483	
Black	Dot	395	646	0.45	0.19242074	0.11189195	
Black	Dot	396	647	0.42	0.46314785	0.07241313	
Black	Dot	397	648	0.8	0.9341233	0.7563617	
Black	Dot	398	649	0.62	0.06551536	0.14855331	
Black	Dot	399	652	0.4	0.9331688	0.310108	
Black	Dot	400	653	0.5	0.1589066	0.1827614	
Black	Dot	401	654	0.75	0.2764731	0.41555548	
Black	Dot	402	656	0.365	0.02867995	0.029862035	
Black	Dot	403	657	0.35	0.068617426	0.03869182	
Black	Dot	404	658	0.35	0.23494308	0.23050521	
Black	Dot	405	660	0.425	0.055843055	0.06284431	
Black	Dot	406	661	0.47	0.43159696	0.15042274	
Black	Dot	407	662	0.4	0.2506611	0.31444788	
Black	Dot	408	664	0.35	0.066702835	0.42291674	
Black	Dot	409	665	0.35	0.07726089	0.21359004	
Black	Dot	410	669	0.365	0.06975187	0.11893126	
Black	Dot	411	671	0.45	0.037171014	0.04032261	
Black	Dot	412	673	0.37	0.3211843	0.1325259	
Black	Dot	413	675	0.25	0.034177657	0.105795905	
Black	Dot	414	676	0.45	0.07499091	0.19273832	
Black	Dot	415	677	0.45	0.39526978	0.39526978	
Black	Dot	416	678	0.4	0.086429834	0.17260098	
Black	Dot	417	679	0.6	0.56845605	0.20457383	
Black	Dot	418	680	0.45	0.052663907	0.15585516	
Black	Dot	419	682	0.37	0.05431092	0.18584846	
Black	Dot	420	683	0.45	0.102985665	0.0751138	
Black	Dot	421	684	0.3	0.0568144	0.065691255	
Black	Dot	422	685	0.35	0.1174412	0.13561748	
Black	Dot	423	686	0.265	0.029694738	0.067387596	
Black	Dot	424	687	0.265	0.07898604	0.07498002	
Black	Dot	425	688	0.4	0.036877684	0.05001805	
Black	Dot	426	692	0.4	0.063626796	0.041664116	
Black	Dot	427	693	0.4	0.041972212	0.1547144	
Black	Dot	428	694	0.5	0.117459364	0.15314549	
Black	Dot	429	695	0.35	0.11027675	0.027655406	
Black	Dot	430	697	0.375	0.04346392	0.06399479	
Black	Dot	431	701	0.32	0.9205056	0.36696866	
Black	Dot	432	702	0.85	0.949804	0.43225425	
Black	Dot	433	703	0.3	0.013718168	0.015175406	
Black	Dot	434	704	0.35	0.025386067	0.15577108	
Black	Dot	435	706	0.65	0.7670909	0.76644164	
Black	Dot	436	708	0.4	0.13110481	0.14114842	
Black	Dot	437	709	0.6	0.24461374	0.06672754	
Black	Dot	438	711	0.4	0.08103977	0.11645937	
Black	Dot	439	712	0.4	0.09087141	0.19252308	
Black	Dot	440	713	0.575	0.19599883	0.298979	
Black	Dot	441	714	0.565	0.95920646	0.60218096	
Black	Dot	442	715	0.9	0.96382236	0.050222255	
Black	Dot	443	716	0.565	0.92966884	0.22511905	
Black	Dot	444	718	0.4	0.2586448	0.15982153	
Black	Dot	445	719	0.37	0.07439149	0.06750708	
Black	Dot	446	720	0.35	0.118342094	0.10786591	
Black	Dot	447	721	0.35	0.037419956	0.079283245	
Black	Dot	448	722	0.55	0.66553557	0.11615053	
Black	Dot	449	723	0.85	0.5517294	0.4314734	
Black	Dot	450	724	0.5	0.06899701	0.05889592	
Black	Dot	451	725	0.35	0.058628786	0.07139599	
Black	Dot	452	726	0.5	0.9108359	0.4175373	
Black	Dot	453	727	0.35	0.25033918	0.38647926	
Black	Dot	454	730	0.65	0.16239995	0.08285468	
Black	Dot	455	731	0.325	0.09398985	0.06703561	
Black	Dot	456	732	0.4	0.12147872	0.18746048	
Black	Dot	457	733	0.37	0.3223819	0.12308566	
Black	Dot	458	734	0.6	0.9480649	0.938859	
Black	Dot	459	735	0.45	0.245609	0.2718214	
Black	Dot	460	737	0.4	0.108006716	0.21264116	
Black	Dot	461	740	0.355	0.11695836	0.33654323	
Black	Dot	462	741	0.5	0.8997053	0.19010873	
Black	Dot	463	742	0.62	0.039197613	0.12594031	
Black	Dot	464	743	0.375	0.064105615	0.11793383	
Black	Dot	465	744	0.4	0.023369245	0.15858005	
Black	Dot	466	745	0.35	0.041936427	0.03559933	
Black	Dot	467	746	0.6	0.073333256	0.12733032	
Black	Dot	468	747	0.4	0.029501382	0.031063423	
Black	Dot	469	748	0.35	0.16451697	0.11756292	
Black	Dot	470	749	0.4	0.09164302	0.23325178	
Black	Dot	471	750	0.325	0.048680138	0.01153963	
Black	Dot	472	751	0.35	0.1220534	0.17548616	
Black	Dot	473	752	0.35	0.02744209	0.030670859	
Black	Dot	474	754	0.4	0.012754446	0.109166674	
Black	Dot	475	756	0.45	0.06569973	0.06858074	
Black	Dot	476	757	0.45	0.27899656	0.19841611	
Black	Dot	477	759	0.4	0.7766627	0.83785176	
Black	Dot	478	762	0.35	0.0650037	0.026595417	
Black	Dot	479	764	0.45	0.08624152	0.06566252	
Black	Dot	480	765	0.45	0.090016864	0.05709372	
Black	Dot	481	766	0.37	0.064061485	0.27740747	
Black	Dot	482	767	0.25	0.073971555	0.019548161	
Black	Dot	483	768	0.25	0.123989895	0.32238683	
Black	Dot	484	769	0.35	0.043339875	0.11380399	
Black	Dot	485	770	0.465	0.027413001	0.13232891	
Black	Dot	486	771	0.4	0.06996657	0.15666766	
Black	Dot	487	772	0.65	0.11483509	0.03523933	
Black	Dot	488	775	0.4	0.086041965	0.10301592	
Black	Dot	489	776	0.4	0.07779786	0.28050792	
Black	Dot	490	778	0.35	0.10190645	0.25184435	
Black	Dot	491	779	0.45	0.38658136	0.24165125	
Black	Dot	492	782	0.7	0.12913993	0.2786251	
Black	Dot	493	783	0.45	0.11538365	0.13337462	
Black	Dot	494	784	0.365	0.24002746	0.28075585	
Black	Dot	495	785	0.67	0.8996436	0.92703164	
Black	Dot	496	786	0.45	0.06497705	0.1810122	
Black	Dot	497	787	0.45	0.079089195	0.0781595	
Black	Dot	498	788	0.37	0.069950595	0.24248265	
Black	Dot	499	789	0.5	0.04560456	0.18950625	
Black	Dot	500	790	0.45	0.17586815	0.19304611	
Black	Dot	501	791	0.25	0.03898905	0.008228832	
Black	Dot	502	793	0.45	0.04075145	0.0909775	
Black	Dot	503	795	0.45	0.11606589	0.2791392	
Black	Dot	504	796	0.4	0.09277901	0.07854548	
Black	Dot	505	798	0.35	0.0705622	0.0477652	
Black	Dot	506	800	0.4	0.45535585	0.28618294	
Black	Dot	507	801	0.47	0.06761699	0.06614061	
Black	Dot	508	802	0.4	0.0726438	0.07468467	
Black	Dot	509	803	0.35	0.22581072	0.22491342	
Black	Dot	510	805	0.7	0.83258295	0.25115523	
Black	Dot	511	806	0.25	0.04613672	0.040364318	
Black	Dot	512	809	0.35	0.025856331	0.12768173	
Black	Dot	513	810	0.4	0.064002044	0.06492922	
Black	Dot	514	812	0.415	0.92703164	0.04202797	
Black	Dot	515	813	0.36	0.062833644	0.06591881	
Black	Dot	516	814	0.4	0.049122144	0.106509976	
Black	Dot	517	815	0.4	0.040255718	0.07715447	
Black	Dot	518	816	0.35	0.038600277	0.0608173	
Black	Dot	519	817	0.4	0.09722956	0.2216204	
Black	Dot	520	818	0.3	0.2518552	0.27328178	
Black	Dot	521	819	0.4	0.2961862	0.11534535	
Black	Dot	522	821	0.21	0.18914439	0.17014053	
Black	Dot	523	825	0.265	0.074442886	0.0656699	
Black	Dot	524	827	0.365	0.121680826	0.05046137	
Black	Dot	525	828	0.27	0.35745737	0.20591022	
Black	Dot	526	829	0.26	0.38982198	0.20418462	
Black	Dot	527	831	0.35	0.06918076	0.104771554	
Black	Dot	528	832	0.3	0.062446833	0.23480946	
Black	Dot	529	833	0.415	0.0793979	0.62725043	
Black	Dot	530	834	0.315	0.025382066	0.08601968	
Black	Dot	531	836	0.45	0.60890996	0.2026271	
Black	Dot	532	837	0.455	0.07404061	0.08992558	
Black	Dot	533	839	0.36	0.14230649	0.0133372275	
Black	Dot	534	841	0.36	0.17251176	0.030718368	
Black	Dot	535	842	0.75	0.8994981	0.11531804	
Black	Dot	536	843	0.41	0.18481971	0.11039508	
Black	Dot	537	844	0.35	0.20608552	0.0914192	
Black	Dot	538	845	0.455	0.08730334	0.059412777	
Black	Dot	539	847	0.32	0.14999183	0.23613429	
Black	Dot	540	848	0.3	0.19721577	0.37325642	
Black	Dot	541	851	0.305	0.20223658	0.070955865	
Black	Dot	542	852	0.25	0.068070635	0.063525744	
Black	Dot	543	853	0.25	0.06861166	0.15210427	
Black	Dot	544	854	0.25	0.36099908	0.16392425	
Black	Dot	545	855	0.41	0.116677284	0.17705967	
Black	Dot	546	857	0.35	0.31706807	0.10784419	
Black	Dot	547	858	0.26	0.06921377	0.20290467	
Black	Dot	548	860	0.31	0.37202	0.12336772	
Black	Dot	549	861	0.35	0.08451205	0.10240065	
Black	Dot	550	862	0.35	0.22260036	0.06475693	
Black	Dot	551	863	0.45	0.069731526	0.101192094	
Black	Dot	552	865	0.315	0.07744792	0.03955111	
Black	Dot	553	866	0.305	0.078364134	0.11899368	
Black	Dot	554	867	0.355	0.029583376	0.0655671	
Black	Dot	555	868	0.3	0.08539795	0.07600777	
Black	Dot	556	869	0.2	0.3213882	0.38110977	
Black	Dot	557	872	0.3	0.254316	0.1493156	
Black	Dot	558	873	0.26	0.021705968	0.050344754	
Black	Dot	559	874	0.3	0.10745901	0.12121459	
Black	Dot	560	875	0.3	0.10250786	0.07458468	
Black	Dot	561	877	0.35	0.29257223	0.1968519	
Black	Dot	562	878	0.3	0.22558448	0.1461506	
Black	Dot	563	884	0.3	0.07737068	0.27142188	
Black	Dot	564	885	0.55	0.8349013	0.608347	
Black	Dot	565	886	0.3	0.22547981	0.075979166	
Black	Dot	566	888	0.3	0.025472594	0.24043782	
Black	Dot	567	889	0.35	0.03180567	0.15506041	
Black	Dot	568	890	0.26	0.09265582	0.115844704	
Black	Dot	569	892	0.25	0.0650057	0.07668473	
Black	Dot	570	895	0.3	0.5772337	0.07959131	
Black	Dot	571	896	0.26	0.12153114	0.016180472	
Black	Dot	572	897	0.3	0.20562	0.17343998	
Black	Dot	573	898	0.6	0.9664999	0.22192377	
Black	Dot	574	899	0.25	0.106669076	0.06607732	
Black	Dot	575	901	0.31	0.123330794	0.035753343	
Black	Dot	576	902	0.25	0.40638897	0.37067372	
Black	Dot	577	904	0.21	0.44511634	0.1188579	
Black	Dot	578	906	0.25	0.32722253	0.18852635	
Black	Dot	579	908	0.25	0.15170932	0.015540623	
Black	Dot	580	909	0.3	0.3157809	0.040786527	
Black	Dot	581	910	0.31	0.08875417	0.065061964	
Black	Dot	582	911	0.3	0.3265741	0.32175103	
Black	Dot	583	913	0.155	0.1184026	0.14947546	
Black	Dot	584	914	0.3	0.11393703	0.055731095	
Black	Dot	585	917	0.36	0.14411812	0.22469717	
Black	Dot	586	920	0.25	0.08637084	0.26673022	
Black	Dot	587	922	0.2	0.069823936	0.20239778	
Black	Dot	588	924	0.35	0.061823018	0.16704595	
Black	Dot	589	925	0.305	0.8866354	0.51542956	
Black	Dot	590	926	0.3	0.07073789	0.07073789	
Black	Dot	591	928	0.2	0.06580673	0.073579304	
Black	Dot	592	930	0.31	0.066263884	0.064774364	
Black	Dot	593	931	0.31	0.06478506	0.061314918	
Black	Dot	594	933	0.3	0.0626837	0.11328891	
Black	Dot	595	938	0.305	0.15887666	0.15342315	
Black	Dot	596	939	0.35	0.23809671	0.28305164	
Black	Dot	597	941	0.205	0.12081594	0.18201359	
Black	Dot	598	942	0.32	0.15324825	0.2810774	
Black	Dot	599	943	0.32	0.10503507	0.13207431	
Black	Dot	600	945	0.35	0.26851568	0.44289908	
Black	Dot	601	946	0.36	0.114122085	0.083276846	
Black	Dot	602	947	0.25	0.23960078	0.32177782	
Black	Dot	603	954	0.4	0.034887347	0.12521552	
Black	Dot	604	955	0.355	0.19990453	0.643809	
Black	Dot	605	957	0.255	0.019854598	0.019000927	
Black	Dot	606	958	0.3	0.2233196	0.059793282	
Black	Dot	607	959	0.2	0.046469957	0.44033653	
Black	Dot	608	961	0.15	0.073971555	0.046519544	
Black	Dot	609	964	0.255	0.033728782	0.22649297	
Black	Dot	610	966	0.35	0.03821672	0.034751598	
Black	Dot	611	968	0.26	0.4673754	0.19595516	
Black	Dot	612	969	0.35	0.16792585	0.11937006	
Black	Dot	613	970	0.2	0.03177577	0.050952926	
Black	Dot	614	971	0.3	0.15175164	0.05025828	
Black	Dot	615	972	0.4	0.090432286	0.2934421	
Black	Dot	616	974	0.3	0.27915174	0.4123098	
Black	Dot	617	976	0.3	0.034887347	0.045452327	
Black	Dot	618	979	0.3	0.31405792	0.104198374	
Black	Dot	619	980	0.15	0.19252308	0.19225086	
Black	Dot	620	981	0.31	0.070135675	0.07887095	
Black	Dot	621	982	0.15	0.21694577	0.08183263	
Black	Dot	622	983	0.3	0.13608123	0.32120305	
Black	Dot	623	984	0.35	0.07272351	0.045762353	
Black	Dot	624	991	0.365	0.20040594	0.10146069	
Black	Dot	625	994	0.5	0.11851107	0.08018202	
Black	Dot	626	995	0.355	0.45011175	0.28291136	
Black	Dot	627	997	0.4	0.08730334	0.15191594	
Black	Dot	628	999	0.35	0.17805961	0.10227073	
Black	Dot	629	1000	0.2	0.08134405	0.22143798	
Black	Dot	630	1001	0.35	0.0660771	0.2840016	
Black	Dot	631	1002	0.365	0.40006554	0.7170248	
Black	Dot	632	1003	0.4	0.08730334	0.059412777	
Black	Dot	633	1004	0.21	0.06529706	0.048448067	
Black	Dot	634	1006	0.42	0.07087813	0.06397622	
Black	Dot	635	1007	0.3	0.24205373	0.2794147	
Black	Dot	636	1008	0.2	0.08730334	0.032355864	
Black	Dot	637	1009	0.25	0.13866629	0.1672996	
Black	Dot	638	1011	0.35	0.31005797	0.4137524	
Black	Dot	639	1012	0.35	0.086592704	0.10846918	
Black	Dot	640	1013	0.2	0.06721617	0.12324622	
Black	Dot	641	1015	0.265	0.2778771	0.23109087	
Black	Dot	642	1016	0.3	0.024115423	0.07990403	
Black	Dot	643	1017	0.25	0.059962243	0.56599736	
Black	Dot	644	1018	0.615	0.77151203	0.871444	
Black	Dot	645	1019	0.25	0.50223607	0.5604571	
Black	Dot	646	1020	0.2	0.03695752	0.092885666	
Black	Dot	647	1024	0.205	0.28725293	0.23771052	
Black	Dot	648	1025	0.255	0.03324107	0.20606428	
Black	Dot	649	1026	0.315	0.23073149	0.14771014	
Black	Dot	650	1027	0.25	0.14036629	0.13959642	
Black	Dot	651	1029	0.15	0.040954564	0.014540999	
Black	Dot	652	1030	0.32	0.046171237	0.09016576	
Black	Dot	653	1031	0.3	0.1787758	0.35318375	
Black	Dot	654	1033	0.305	0.09487452	0.115043715	
Black	Dot	655	1034	0.4	0.08730334	0.15375075	
Black	Dot	656	1036	0.25	0.17874113	0.0636104	
Black	Dot	657	1037	0.5	0.56780624	0.07472349	
Black	Dot	658	1039	0.3	0.4421993	0.27593178	
Black	Dot	659	1040	0.455	0.17496154	0.27847865	
Black	Dot	660	1042	0.35	0.08730334	0.08730334	
Black	Dot	661	1043	0.465	0.92703164	0.12119527	
Black	Dot	662	1044	0.3	0.09739823	0.13751364	
Black	Dot	663	1045	0.25	0.06725931	0.085387744	
Black	Dot	664	1046	0.55	0.76644164	0.6368157	
Black	Dot	665	1048	0.3	0.051384483	0.043974992	
Black	Dot	666	1049	0.35	0.047189947	0.0923524	
Black	Dot	667	1050	0.305	0.13489929	0.6555494	
Black	Dot	668	1051	0.2	0.121062756	0.22757664	
Black	Dot	669	1052	0.35	0.07190872	0.107716516	
Black	Dot	670	1054	0.4	0.46589994	0.20505439	
Black	Dot	671	1055	0.35	0.06837004	0.16250612	
Black	Dot	672	1057	0.205	0.061069846	0.09589682	
Black	Dot	673	1058	0.3	0.028906817	0.07390979	
Black	Dot	674	1061	0.4	0.18932475	0.32794246	
Black	Dot	675	1062	0.31	0.44678634	0.43791977	
Black	Dot	676	1063	0.3	0.11633894	0.37679863	
Black	Dot	677	1065	0.85	0.9821534	0.24925931	
Black	Dot	678	1066	0.35	0.2782832	0.30109408	
Black	Dot	679	1068	0.25	0.24263829	0.117293134	
Black	Dot	680	1069	0.305	0.22000675	0.11670315	
Black	Dot	681	1070	0.25	0.13314173	0.40416595	
Black	Dot	682	1071	0.2	0.121750645	0.1789032	
Black	Dot	683	1072	0.255	0.08568107	0.18130463	
Black	Dot	684	1073	0.15	0.09372902	0.33716527	
Black	Dot	685	1077	0.31	0.08891702	0.028324414	
Black	Dot	686	1078	0.65	0.36183602	0.5070589	
Black	Dot	687	1079	0.4	0.18664283	0.10968108	
Black	Dot	688	1081	0.55	0.09893915	0.101208724	
Black	Dot	689	1083	0.25	0.10930103	0.12581985	
Black	Dot	690	1085	0.16	0.03439505	0.1196066	
Black	Dot	691	1086	0.2	0.1706731	0.22501689	
Black	Dot	692	1087	0.3	0.051757645	0.092975214	
Black	Dot	693	1088	0.1	0.12214213	0.22158627	
Black	Dot	694	1089	0.155	0.8363033	0.19613682	
Black	Dot	695	1092	0.15	0.0644682	0.12393902	
Black	Dot	696	1093	0.255	0.08475598	0.07450293	
Black	Dot	697	1094	0.15	0.03270475	0.037108976	
Black	Dot	698	1098	0.3	0.070646435	0.077846915	
Black	Dot	699	1099	0.205	0.112945646	0.119312085	
Black	Dot	700	1100	0.45	0.035600584	0.09932611	
Black	Dot	701	1101	0.25	0.17544588	0.37071368	
Black	Dot	702	1103	0.35	0.046271544	0.09336185	
Black	Dot	703	1104	0.355	0.03743726	0.17071731	
Black	Dot	704	1105	0.35	0.026831653	0.015803143	
Black	Dot	705	1106	0.355	0.34737143	0.14063522	
Black	Dot	706	1107	0.4	0.051591527	0.048377197	
Black	Dot	707	1109	0.35	0.06522087	0.07068752	
Black	Dot	708	1111	0.305	0.11947318	0.1982669	
Black	Dot	709	1113	0.55	0.11609255	0.13496844	
Black	Dot	710	1114	0.25	0.11609174	0.11113889	
Black	Dot	711	1116	0.215	0.04179154	0.16127174	
Black	Dot	712	1117	0.2	0.06697572	0.065605976	
Black	Dot	713	1118	0.3	0.17553021	0.07542864	
Black	Dot	714	1120	0.2	0.27103427	0.39080042	
Black	Dot	715	1122	0.4	0.055778187	0.053686276	
Black	Dot	716	1123	0.35	0.080426924	0.16998307	
Black	Dot	717	1124	0.25	0.16342318	0.07008711	
Black	Dot	718	1125	0.255	0.3129791	0.30993125	
Black	Dot	719	1127	0.35	0.06301795	0.20446798	
Black	Dot	720	1129	0.31	0.17719872	0.06891611	
Black	Dot	721	1130	0.3	0.07698841	0.16380106	
Black	Dot	722	1132	0.2	0.1081294	0.28446436	
Black	Dot	723	1133	0.26	0.2543287	0.23059465	
Black	Dot	724	1134	0.35	0.09700079	0.24756493	
Black	Dot	725	1135	0.3	0.1293121	0.124714136	
Black	Dot	726	1136	0.56	0.032218114	0.05082532	
Black	Dot	727	1138	0.4	0.010425808	0.029991712	
Black	Dot	728	1140	0.35	0.25734293	0.11925662	
Black	Dot	729	1141	0.36	0.83785176	0.12784742	
Black	Dot	730	1142	0.35	0.22400996	0.31164005	
Black	Dot	731	1143	0.25	0.019164218	0.07011462	
Black	Dot	732	1144	0.3	0.11521269	0.1345046	
Black	Dot	733	1145	0.455	0.09357492	0.13167123	
Black	Dot	734	1146	0.3	0.020312224	0.01739439	
Black	Dot	735	1147	0.6	0.7388681	0.8028341	
Black	Dot	736	1149	0.55	0.14469554	0.07466908	
Black	Dot	737	1150	0.55	0.5245033	0.9051832	
Black	Dot	738	1151	0.455	0.102467775	0.123539664	
Black	Dot	739	1152	0.45	0.08051354	0.14050083	
Black	Dot	740	1153	0.255	0.08789552	0.06932573	
Black	Dot	741	1154	0.35	0.06828938	0.06424134	
Black	Dot	742	1155	0.255	0.024771463	0.038013056	
Black	Dot	743	1156	0.4	0.087303296	0.17226174	
Black	Dot	744	1158	0.77	0.816901	0.24688174	
Black	Dot	745	1161	0.25	0.093386315	0.16636808	
Black	Dot	746	1162	0.405	0.09095287	0.28962475	
Black	Dot	747	1163	0.55	0.7051951	0.3882637	
Black	Dot	748	1164	0.35	0.09407473	0.1822059	
Black	Dot	749	1165	0.4	0.041620843	0.113739744	
Black	Dot	750	1166	0.46	0.6094617	0.23747952	
Black	Dot	751	1167	0.155	0.07839617	0.048720326	
Black	Dot	752	1168	0.45	0.0639335	0.31325144	
Black	Dot	753	1170	0.7	0.3513939	0.37854642	
Black	Dot	754	1171	0.615	0.83785176	0.3214232	
Black	Dot	755	1172	0.2	0.22644155	0.29258838	
Black	Dot	756	1175	0.35	0.07626513	0.029203862	
Black	Dot	757	1176	0.305	0.0522442	0.037479248	
Black	Dot	758	1177	0.55	0.10012474	0.22926712	
Black	Dot	759	1179	0.305	0.22519238	0.10648352	
Black	Dot	760	1180	0.25	0.03542522	0.074746534	
Black	Dot	761	1181	0.31	0.06429475	0.18655346	
Black	Dot	762	1183	0.32	0.05448222	0.19998085	
Black	Dot	763	1184	0.3	0.27724835	0.27204555	
Black	Dot	764	1185	0.6	0.8513281	0.761402	
Black	Dot	765	1186	0.3	0.050996434	0.0949502	
Black	Dot	766	1187	0.405	0.4191765	0.22426492	
Black	Dot	767	1190	0.205	0.06936763	0.06826264	
Black	Dot	768	1191	0.205	0.07238015	0.16157904	
Black	Dot	769	1192	0.305	0.32131055	0.20500705	
Black	Dot	770	1197	0.55	0.073289104	0.039996427	
Black	Dot	771	1199	0.21	0.85667616	0.8028341	
Black	Dot	772	1200	0.15	0.025643144	0.015382299	
Black	Dot	773	1201	0.26	0.09395672	0.23089363	
Black	Dot	774	1202	0.55	0.92313737	0.90270954	
Black	Dot	775	1203	0.105	0.06981845	0.18978149	
Black	Dot	776	1204	0.25	0.15529482	0.044511784	
Black	Dot	777	1205	0.3	0.039679896	0.09186694	
Black	Dot	778	1206	0.15	0.113776386	0.04877886	
Black	Dot	779	1207	0.35	0.06512018	0.1263104	
Black	Dot	780	1208	0.2	0.02329052	0.039053556	
Black	Dot	781	1209	0.4	0.8717789	0.11738258	
Black	Dot	782	1212	0.4	0.037190787	0.25362745	
Black	Dot	783	1213	0.25	0.08361849	0.08361849	
Black	Dot	784	1214	0.2	0.0672326	0.07187839	
Black	Dot	785	1216	0.25	0.03448509	0.15191594	
Black	Dot	786	1218	0.3	0.010191524	0.038014244	
Black	Dot	787	1219	0.3	0.028718058	0.12726098	
Black	Dot	788	1220	0.3	0.042198546	0.04577884	
Black	Dot	789	1223	0.25	0.039407548	0.10381891	
Black	Dot	790	1227	0.5	0.89588875	0.070321165	
Black	Dot	791	1228	0.4	0.117265664	0.07368814	
Black	Dot	792	1230	0.31	0.18840414	0.07823326	
Black	Dot	793	1238	0.4	0.12088734	0.042616505	
Black	Dot	794	1240	0.3	0.11362147	0.19088006	
Black	Dot	795	1241	0.365	0.2991806	0.23176955	
Black	Dot	796	1243	0.26	0.22761858	0.38461506	
Black	Dot	797	1247	0.26	0.032943983	0.17402084	
Black	Dot	798	1249	0.255	0.19422652	0.2828675	
Black	Dot	799	1250	0.35	0.051384505	0.043974992	
Black	Dot	800	1251	0.305	0.10391943	0.099959895	
Black	Dot	801	1252	0.2	0.040534716	0.043251514	
Black	Dot	802	1256	0.25	0.017995225	0.029036181	
Black	Dot	803	1257	0.505	0.06432422	0.057185918	
Black	Dot	804	1259	0.415	0.40311342	0.29571006	
Black	Dot	805	1260	0.3	0.11232628	0.18095982	
Black	Dot	806	1263	0.35	0.047427505	0.06678396	
Black	Dot	807	1266	0.2	0.08197155	0.28004083	
Black	Dot	808	1268	0.25	0.16668592	0.11720162	
Black	Dot	809	1269	0.45	0.89955246	0.46589994	
Black	Dot	810	1271	0.35	0.029574566	0.035037532	
Black	Dot	811	1273	0.25	0.088613056	0.43300524	
Black	Dot	812	1275	0.3	0.1685326	0.53001565	
Black	Dot	813	1277	0.35	0.6519473	0.18229721	
Black	Dot	814	1279	0.55	0.8993477	0.9333764	
Black	Dot	815	1281	0.3	0.06768599	0.0062461053	
Black	Dot	816	1283	0.45	0.46247688	0.6519473	
Black	Dot	817	1284	0.315	0.18131033	0.22862259	
Black	Dot	818	1286	0.2	0.03898905	0.03898905	
Black	Dot	819	1288	0.45	0.187937	0.2313907	
Black	Dot	820	1289	0.4	0.069729835	0.09634731	
Black	Dot	821	1291	0.405	0.6519473	0.3220613	
Black	Dot	822	1292	0.3	0.03507798	0.016062956	
Black	Dot	823	1293	0.41	0.07309167	0.061824486	
Black	Dot	824	1294	0.25	0.041721843	0.23064414	
Black	Dot	825	1295	0.4	0.07637189	0.08896769	
Black	Dot	826	1296	0.3	0.026393563	0.43243828	
Black	Dot	827	1297	0.4	0.08730334	0.16108827	
Black	Dot	828	1300	0.45	0.4411114	0.12430491	
Black	Dot	829	1301	0.35	0.05562485	0.37584716	
Black	Dot	830	1303	0.3	0.2991672	0.11548695	
Black	Dot	831	1306	0.6	0.7143426	0.22512083	
Black	Dot	832	1307	0.35	0.11927167	0.17648867	
Black	Dot	833	1309	0.35	0.052670497	0.07304794	
Black	Dot	834	1313	0.3	0.08362778	0.06548564	
Black	Dot	835	1314	0.315	0.08265545	0.3546432	
Black	Dot	836	1315	0.45	0.0719838	0.0875859	
Black	Dot	837	1316	0.65	0.8761441	0.24045295	
Black	Dot	838	1318	0.32	0.06533259	0.05898681	
Black	Dot	839	1320	0.4	0.20670491	0.23164035	
Black	Dot	840	1321	0.4	0.020640165	0.017810157	
Black	Dot	841	1322	0.35	0.32129437	0.5232628	
Black	Dot	842	1323	0.25	0.13141935	0.035543464	
Black	Dot	843	1325	0.4	0.2224547	0.4824165	
Black	Dot	844	1326	0.25	0.12032537	0.1979449	
Black	Dot	845	1330	0.3	0.6519473	0.36488327	
Black	Dot	846	1331	0.26	0.06719168	0.23233113	
Black	Dot	847	1332	0.155	0.24083136	0.36371395	
Black	Dot	848	1333	0.365	0.034887347	0.17226174	
Black	Dot	849	1334	0.505	0.104811236	0.39645442	
Black	Dot	850	1336	0.35	0.34612575	0.13326055	
Black	Dot	851	1338	0.65	0.6204974	0.080622345	
Black	Dot	852	1340	0.355	0.3858163	0.49378753	
Black	Dot	853	1341	0.4	0.12831935	0.05951064	
Black	Dot	854	1343	0.205	0.10348895	0.07121046	
Black	Dot	855	1344	0.25	0.046784934	0.057722524	
Black	Dot	856	1345	0.4	0.11585109	0.181653	
Black	Dot	857	1347	0.5	0.08730334	0.17226174	
Black	Dot	858	1348	0.35	0.08730334	0.15375075	
Black	Dot	859	1349	0.4	0.17952853	0.83785176	
Black	Dot	860	1350	0.3	0.21168736	0.32185826	
Black	Dot	861	1351	0.35	0.0874768	0.08589714	
Black	Dot	862	1354	0.205	0.10099152	0.13298358	
Black	Dot	863	1355	0.35	0.03909298	0.08579939	
Black	Dot	864	1356	0.205	0.041290052	0.04393302	
Black	Dot	865	1358	0.35	0.1287993	0.07179816	
Black	Dot	866	1359	0.25	0.02985714	0.10212371	
Black	Dot	867	1360	0.25	0.046351463	0.08140444	
Black	Dot	868	1361	0.3	0.11113748	0.12115535	
Black	Dot	869	1362	0.15	0.07948124	0.13349798	
Black	Dot	870	1364	0.405	0.24438433	0.22321916	
Black	Dot	871	1365	0.35	0.18421736	0.10364507	
Black	Dot	872	1366	0.25	0.026036536	0.08567274	
Black	Dot	873	1367	0.35	0.06829027	0.07407528	
Black	Dot	874	1368	0.45	0.105982006	0.08519754	
Black	Dot	875	1369	0.2	0.080749005	0.09864946	
Black	Dot	876	1372	0.3	0.08135767	0.26626232	
Black	Dot	877	1374	0.25	0.189098	0.6079781	
Black	Dot	878	1375	0.3	0.14488855	0.12225973	
Black	Dot	879	1376	0.5	0.015422425	0.03569345	
Black	Dot	880	1377	0.3	0.27053162	0.1190114	
Black	Dot	881	1378	0.4	0.026036523	0.08567274	
Black	Dot	882	1379	0.5	0.22604762	0.46589994	
Black	Dot	883	1382	0.3	0.07924216	0.11635441	
Black	Dot	884	1386	0.15	0.12145548	0.11855302	
Black	Dot	885	1387	0.4	0.07876214	0.08940505	
Black	Dot	886	1388	0.35	0.064341016	0.09460646	
Black	Dot	887	1389	0.255	0.026036523	0.08567274	
Black	Dot	888	1390	0.265	0.11507573	0.42326945	
Black	Dot	889	1391	0.35	0.57203764	0.11859506	
Black	Dot	890	1393	0.2	0.0280202	0.06870036	
Black	Dot	891	1394	0.35	0.1967954	0.26398596	
Black	Dot	892	1395	0.35	0.13523601	0.072688445	
Black	Dot	893	1396	0.6	0.05525811	0.09962176	
Black	Dot	894	1397	0.35	0.029471062	0.04187618	
Black	Dot	895	1398	0.255	0.257187	0.18745609	
Black	Dot	896	1400	0.47	0.9561871	0.9362384	
Black	Dot	897	1401	0.265	0.026036536	0.08567274	
Black	Dot	898	1403	0.35	0.122128315	0.052565534	
Black	Dot	899	1405	0.35	0.08276694	0.07404849	
Black	Dot	900	1406	0.45	0.22842865	0.10225888	
Black	Dot	901	1407	0.4	0.09528535	0.021906003	
Black	Dot	902	1408	0.205	0.06768213	0.06551365	
Black	Dot	903	1409	0.3	0.18133317	0.15637372	
Black	Dot	904	1410	0.5	0.06259354	0.0143118715	
Black	Dot	905	1411	0.3	0.093439296	0.24881579	
Black	Dot	906	1412	0.3	0.026036523	0.08567274	
Black	Dot	907	1413	0.55	0.19886541	0.1415805	
Black	Dot	908	1415	0.205	0.35949028	0.19261317	
Black	Dot	909	1416	0.265	0.037297077	0.17028607	
Black	Dot	910	1417	0.205	0.104235515	0.062572554	
Black	Dot	911	1418	0.3	0.22521609	0.119850926	
Black	Dot	912	1419	0.46	0.19252308	0.16108827	
Black	Dot	913	1421	0.5	0.44042233	0.5514455	
Black	Dot	914	1423	0.45	0.37502423	0.22835135	
Black	Dot	915	1424	0.35	0.02452808	0.12733972	
Black	Dot	916	1425	0.3	0.17724903	0.40108684	
Black	Dot	917	1426	0.3	0.21974434	0.26104155	
Black	Dot	918	1427	0.31	0.036709156	0.05248443	
Black	Dot	919	1429	0.3	0.13343322	0.19477218	
Black	Dot	920	1430	0.35	0.036064114	0.03972358	
Black	Dot	921	1431	0.31	0.20562	0.18445584	
Black	Dot	922	1432	0.205	0.29167908	0.2067546	
Black	Dot	923	1433	0.3	0.026036536	0.08567274	
Black	Dot	924	1434	0.25	0.23534103	0.4596416	
Black	Dot	925	1437	0.3	0.052187946	0.074548654	
Black	Dot	926	1438	0.35	0.3850833	0.1771125	
Black	Dot	927	1439	0.4	0.087303296	0.024076663	
Black	Dot	928	1440	0.3	0.03752537	0.024341168	
Black	Dot	929	1441	0.4	0.07223824	0.07952074	
Black	Dot	930	1442	0.2	0.13402614	0.11642868	
Black	Dot	931	1443	0.505	0.0958543	0.070743054	
Black	Dot	932	1444	0.25	0.019833365	0.071855605	
Black	Dot	933	1446	0.3	0.23253338	0.32143655	
Black	Dot	934	1449	0.25	0.23963867	0.07808392	
Black	Dot	935	1450	0.35	0.08730334	0.051384483	
Black	Dot	936	1451	0.31	0.44318184	0.1682547	
Black	Dot	937	1452	0.65	0.2015816	0.12743959	
Black	Dot	938	1453	0.3	0.041203268	0.05981124	
Black	Dot	939	1454	0.35	0.10839135	0.06738621	
Black	Dot	940	1457	0.355	0.10755408	0.11034697	
Black	Dot	941	1458	0.4	0.26550967	0.2791133	
Black	Dot	942	1459	0.2	0.064105794	0.1539738	
Black	Dot	943	1460	0.305	0.21521743	0.060295142	
Black	Dot	944	1461	0.25	0.119529806	0.24485606	
Black	Dot	945	1462	0.15	0.036681544	0.030385323	
Black	Dot	946	1463	0.4	0.53295934	0.3143109	
Black	Dot	947	1466	0.2	0.10746306	0.15422156	
Black	Dot	948	1468	0.3	0.026036523	0.08567274	
Black	Dot	949	1469	0.2	0.10198603	0.4169554	
Black	Dot	950	1470	0.2	0.70083624	0.025812963	
Black	Dot	951	1471	0.155	0.032171093	0.07474843	
Black	Dot	952	1472	0.3	0.10123021	0.10100424	
Black	Dot	953	1473	0.26	0.2449991	0.12007374	
Black	Dot	954	1474	0.2	0.035589304	0.05124165	
Black	Dot	955	1475	0.35	0.087303296	0.1345974	
Black	Dot	956	1476	0.2	0.06432143	0.035484232	
Black	Dot	957	1477	0.2	0.09345474	0.17258894	
Black	Dot	958	1481	0.2	0.3252394	0.025879346	
Black	Dot	959	1483	0.3	0.113132186	0.19522622	
Black	Dot	960	1484	0.26	0.1830557	0.12982365	
Black	Dot	961	1485	0.3	0.04631385	0.043460544	
Black	Dot	962	1486	0.35	0.2851709	0.22846064	
Black	Dot	963	1487	0.25	0.066072054	0.24965088	
Black	Dot	964	1488	0.3	0.32156053	0.27314588	
Black	Dot	965	1490	0.25	0.12014503	0.071097404	
Black	Dot	966	1496	0.3	0.026527803	0.22071545	
Black	Dot	967	1498	0.305	0.0791448	0.044852886	
Black	Dot	968	1499	0.45	0.18591386	0.16445363	
Black	Dot	969	1500	0.3	0.026036523	0.08567274	
Black	Dot	970	1501	0.25	0.08838083	0.22560656	
Black	Dot	971	1502	0.555	0.2215039	0.12120232	
Black	Dot	972	1503	0.55	0.9818121	0.9557759	
Black	Dot	973	1508	0.305	0.27753004	0.3193647	
Black	Dot	974	1509	0.405	0.07117817	0.09371131	
Black	Dot	975	1510	0.25	0.07134236	0.1159546	
Black	Dot	976	1511	0.3	0.14112273	0.20996475	
Black	Dot	977	1512	0.31	0.05592519	0.09236818	
Black	Dot	978	1513	0.2	0.12329276	0.11121795	
Black	Dot	979	1515	0.155	0.20223658	0.15711392	
Black	Dot	980	1516	0.255	0.02924566	0.06700382	
Black	Dot	981	1517	0.1	0.03780862	0.1145833	
Black	Dot	982	1518	0.3	0.14639558	0.08581171	
Black	Dot	983	1519	0.35	0.17628159	0.13884147	
Black	Dot	984	1520	0.25	0.121939614	0.15825967	
Black	Dot	985	1524	0.51	0.12192331	0.23103997	
Black	Dot	986	1525	0.3	0.11497589	0.22363754	
Black	Dot	987	1526	0.4	0.106763385	0.089180775	
Black	Dot	988	1527	0.5	0.040187065	0.09380932	
Black	Dot	989	1528	0.505	0.087066434	0.27096018	
Black	Dot	990	1529	0.25	0.115902744	0.048421767	
Black	Dot	991	1530	0.4	0.21220091	0.15956953	
Black	Dot	992	1531	0.35	0.22170593	0.124839745	
Black	Dot	993	1533	0.55	0.8736864	0.31506717	
Black	Dot	994	1534	0.25	0.12400646	0.121406764	
Black	Dot	995	1535	0.35	0.15363175	0.51058865	
Black	Dot	996	1536	0.4	0.011569248	0.6415446	
Black	Dot	997	1537	0.31	0.3601617	0.37382427	
Black	Dot	998	1538	0.25	0.34410617	0.37363058	
Black	Dot	999	1539	0.25	0.07132076	0.07891101	
Black	Dot	1000	1542	0.35	0.2613514	0.24189958	
Black	Dot	1001	1546	0.3	0.22288848	0.1475311	
Black	Dot	1002	1547	0.55	0.08494326	0.2128972	
Black	Dot	1003	1548	0.35	0.0810366	0.08880657	
Black	Dot	1004	1550	0.45	0.49957755	0.15792595	
Black	Dot	1005	1551	0.25	0.1409576	0.09412225	
Black	Dot	1006	1552	0.4	0.08730334	0.024076663	
Black	Dot	1007	1554	0.35	0.08730334	0.15191594	
Black	Dot	1008	1558	0.35	0.04303506	0.27293238	
Black	Dot	1009	1559	0.255	0.16626477	0.1103254	
Black	Dot	1010	1560	0.65	0.9332384	0.09180438	
Black	Dot	1011	1562	0.45	0.06644317	0.17721249	
Black	Dot	1012	1564	0.25	0.11720122	0.61294585	
Black	Dot	1013	1566	0.35	0.079457305	0.12972377	
Black	Dot	1014	1568	0.4	0.09220601	0.22098641	
Black	Dot	1015	1572	0.25	0.047982126	0.06945581	
Black	Dot	1016	1573	0.25	0.11914968	0.06531472	
Black	Dot	1017	1574	0.35	0.1257619	0.08298143	
Black	Dot	1018	1576	0.5	0.120227814	0.15034184	
Black	Dot	1019	1578	0.25	0.05600485	0.23622356	
Black	Dot	1020	1580	0.3	0.14211334	0.20513958	
Black	Dot	1021	1581	0.6	0.15258242	0.054064255	
Black	Dot	1022	1582	0.405	0.068481565	0.06392586	
Black	Dot	1023	1583	0.25	0.015209151	0.020723455	
Black	Dot	1024	1584	0.4	0.19252308	0.10751175	
Black	Dot	1025	1585	0.5	0.76124513	0.19957875	
Black	Dot	1026	1587	0.25	0.1530374	0.1530374	
Black	Dot	1027	1590	0.35	0.50238204	0.34857652	
Black	Dot	1028	1593	0.2	0.06272048	0.32248905	
Black	Dot	1029	1594	0.255	0.19937181	0.49947128	
Black	Dot	1030	1596	0.3	0.23371027	0.2548699	
Black	Dot	1031	1597	0.3	0.27067417	0.3622392	
Black	Dot	1032	1600	0.2	0.09280093	0.20118392	
Black	Dot	1033	1601	0.2	0.14300399	0.14927	
Black	Dot	1034	1602	0.35	0.8028341	0.03206822	
Black	Dot	1035	1603	0.26	0.06500553	0.1546817	
Black	Dot	1036	1604	0.45	0.25804502	0.6079781	
Black	Dot	1037	1605	0.45	0.11529576	0.071832195	
Black	Dot	1038	1609	0.41	0.047691	0.07970642	
Black	Dot	1039	1611	0.3	0.071355045	0.11918343	
Black	Dot	1040	1612	0.255	0.38712284	0.12623696	
Black	Dot	1041	1613	0.305	0.040217515	0.048718676	
Black	Dot	1042	1614	0.3	0.21126767	0.6867344	
Black	Dot	1043	1615	0.25	0.16923738	0.13764188	
Black	Dot	1044	1616	0.3	0.17743254	0.16517508	
Black	Dot	1045	1617	0.4	0.18754792	0.07880642	
Black	Dot	1046	1619	0.15	0.009656524	0.025087219	
Black	Dot	1047	1622	0.45	0.66553557	0.46589994	
Black	Dot	1048	1624	0.45	0.3667044	0.08309328	
Black	Dot	1049	1625	0.3	0.11753939	0.27885818	
Black	Dot	1050	1627	0.51	0.90813	0.07788975	
Black	Dot	1051	1630	0.21	0.08099897	0.2545195	
Black	Dot	1052	1631	0.205	0.03822016	0.13421494	
Black	Dot	1053	1633	0.25	0.36490175	0.37146127	
Black	Dot	1054	1635	0.305	0.035722584	0.12253192	
Black	Dot	1055	1643	0.3	0.073211804	0.49348688	
Black	Dot	1056	1644	0.25	0.09142829	0.12355362	
Black	Dot	1057	1645	0.3	0.041938696	0.14173909	
Black	Dot	1058	1646	0.35	0.12119973	0.16596171	
Black	Dot	1059	1647	0.3	0.021283982	0.105437994	
Black	Dot	1060	1648	0.25	0.060483906	0.1079507	
Black	Dot	1061	1650	0.4	0.20613807	0.27458152	
Black	Dot	1062	1652	0.255	0.6859132	0.32912844	
Black	Dot	1063	1653	0.305	0.12265586	0.3325928	
Black	Dot	1064	1654	0.355	0.090440154	0.32971594	
Black	Dot	1065	1656	0.315	0.066770926	0.42349035	
Black	Dot	1066	1659	0.26	0.1681463	0.06788626	
Black	Dot	1067	1660	0.3	0.064851806	0.3597849	
Black	Dot	1068	1661	0.35	0.12410774	0.21232133	
Black	Dot	1069	1662	0.45	0.11945916	0.20003113	
Black	Dot	1070	1663	0.3	0.2582334	0.46589994	
Black	Dot	1071	1665	0.35	0.5129554	0.32185957	
Black	Dot	1072	1669	0.305	0.9482129	0.92703164	
Black	Dot	1073	1671	0.3	0.277304	0.30146497	
Black	Dot	1074	1672	0.3	0.051301565	0.074011944	
Black	Dot	1075	1674	0.25	0.5328448	0.2398716	
Black	Dot	1076	1676	0.35	0.30801818	0.17227302	
Black	Dot	1077	1677	0.35	0.025224227	0.16860408	
Black	Dot	1078	1679	0.3	0.042550407	0.25849888	
Black	Dot	1079	1680	0.35	0.07178683	0.11483469	
Black	Dot	1080	1681	0.31	0.03153521	0.072504856	
Black	Dot	1081	1682	0.25	0.09905641	0.10516072	
Black	Dot	1082	1683	0.4	0.020415654	0.13781519	
Black	Dot	1083	1684	0.45	0.10893094	0.75112975	
Black	Dot	1084	1686	0.25	0.036536686	0.5060906	
Black	Dot	1085	1689	0.45	0.32129973	0.66615945	
Black	Dot	1086	1691	0.25	0.06710181	0.2263336	
Black	Dot	1087	1692	0.5	0.7143426	0.3132597	
Black	Dot	1088	1693	0.36	0.37137824	0.23091048	
Black	Dot	1089	1694	0.255	0.064851806	0.28096864	
Black	Dot	1090	1696	0.45	0.21078157	0.04526244	
Black	Dot	1091	1697	0.45	0.17074654	0.087235905	
Black	Dot	1092	1699	0.305	0.121897995	0.11754033	
Black	Dot	1093	1700	0.2	0.035505846	0.22350715	
Black	Dot	1094	1701	0.25	0.06611903	0.030955866	
Black	Dot	1095	1705	0.25	0.12258115	0.21759073	
Black	Dot	1096	1706	0.36	0.20147713	0.27368993	
Black	Dot	1097	1708	0.3	0.5358818	0.7143426	
Black	Dot	1098	1709	0.35	0.0747523	0.093046136	
Black	Dot	1099	1711	0.255	0.7143426	0.5316071	
Black	Dot	1100	1712	0.365	0.37843937	0.10633494	
Black	Dot	1101	1713	0.46	0.933391	0.89005864	
Black	Dot	1102	1715	0.35	0.05173597	0.055330317	
Black	Dot	1103	1716	0.5	0.23520847	0.21917874	
Black	Dot	1104	1717	0.25	0.02495738	0.279853	
Black	Dot	1105	1718	0.3	0.048020463	0.113495424	
Black	Dot	1106	1719	0.31	0.40760073	0.3019626	
Black	Dot	1107	1720	0.3	0.1760288	0.1474865	
Black	Dot	1108	1721	0.4	0.24056926	0.16468644	
Black	Dot	1109	1722	0.3	0.22727357	0.18864727	
Black	Dot	1110	1727	0.5	0.09629383	0.115469836	
Black	Dot	1111	1729	0.4	0.32164624	0.19730969	
Black	Dot	1112	1730	0.205	0.05977461	0.09336525	
Black	Dot	1113	1731	0.25	0.047778636	0.13868497	
Black	Dot	1114	1732	0.1	0.0642044	0.09672358	
Black	Dot	1115	1733	0.25	0.15098181	0.24065216	
Black	Dot	1116	1734	0.305	0.16210943	0.06846952	
Black	Dot	1117	1735	0.55	0.08730334	0.29833022	
Black	Dot	1118	1736	0.37	0.07152453	0.18065777	
Black	Dot	1119	1737	0.4	0.07060686	0.11992221	
Black	Dot	1120	1738	0.265	0.24719608	0.3780878	
Black	Dot	1121	1739	0.455	0.06211579	0.06328069	
Black	Dot	1122	1740	0.355	0.63216317	0.44957253	
Black	Dot	1123	1741	0.315	0.48507538	0.3216824	
Black	Dot	1124	1745	0.45	0.54790086	0.61489457	
Black	Dot	1125	1746	0.155	0.028059706	0.021714332	
Black	Dot	1126	1747	0.4	0.21335688	0.43407887	
Black	Dot	1127	1749	0.95	0.986102	0.07454819	
Black	Dot	1128	1751	0.205	0.04707917	0.061272256	
Black	Dot	1129	1752	0.305	0.21004464	0.5271542	
Black	Dot	1130	1753	0.405	0.09197103	0.38534635	
Black	Dot	1131	1754	0.45	0.28128782	0.06500065	
Black	Dot	1132	1758	0.305	0.1220003	0.020114506	
Black	Dot	1133	1759	0.265	0.06813691	0.17640623	
Black	Dot	1134	1760	0.42	0.28223312	0.24633738	
Black	Dot	1135	1761	0.3	0.08940965	0.24006252	
Black	Dot	1136	1762	0.35	0.38860273	0.20034392	
Black	Dot	1137	1763	0.405	0.20562	0.1345974	
Black	Dot	1138	1764	0.35	0.07026146	0.09450739	
Black	Dot	1139	1766	0.45	0.22602633	0.14044473	
Black	Dot	1140	1769	0.255	0.033109892	0.03840524	
Black	Dot	1141	1772	0.26	0.116499886	0.16494212	
Black	Dot	1142	1773	0.25	0.18736118	0.12811525	
Black	Dot	1143	1774	0.3	0.010866936	0.09141024	
Black	Dot	1144	1775	0.35	0.12445801	0.22291945	
Black	Dot	1145	1776	0.3	0.08493982	0.043709997	
Black	Dot	1146	1777	0.5	0.05143368	0.112350285	
Black	Dot	1147	1778	0.35	0.08110085	0.12203523	
Black	Dot	1148	1779	0.3	0.20147713	0.20147713	
Black	Dot	1149	1781	0.5	0.072054334	0.06499436	
Black	Dot	1150	1782	0.3	0.83203053	0.65225124	
Black	Dot	1151	1785	0.3	0.09530198	0.07749319	
Black	Dot	1152	1786	0.41	0.051930208	0.043707985	
Black	Dot	1153	1787	0.35	0.23348254	0.3478571	
Black	Dot	1154	1788	0.4	0.098303996	0.09527205	
Black	Dot	1155	1789	0.25	0.08730334	0.059412777	
Black	Dot	1156	1791	0.255	0.041419704	0.030837081	
Black	Dot	1157	1792	0.8	0.91375494	0.44029135	
Black	Dot	1158	1793	0.45	0.9658244	0.8941358	
Black	Dot	1159	1794	0.25	0.10767976	0.10767976	
Black	Dot	1160	1795	0.205	0.025726838	0.06082977	
Black	Dot	1161	1796	0.95	0.92703164	0.9156073	
Black	Dot	1162	1797	0.3	0.46589994	0.2500275	
Black	Dot	1163	1799	0.605	0.8839944	0.22122918	
Black	Dot	1164	1800	0.35	0.17529821	0.1584677	
Black	Dot	1165	1801	0.3	0.12409677	0.09486994	
Black	Dot	1166	1803	0.3	0.10247641	0.0504337	
Black	Dot	1167	1804	0.45	0.296007	0.16140704	
Black	Dot	1168	1806	0.4	0.0651224	0.039729476	
Black	Dot	1169	1807	0.255	0.12315924	0.1466238	
Black	Dot	1170	1808	0.305	0.071559556	0.3219233	
Black	Dot	1171	1811	0.3	0.15974922	0.07697264	
Black	Dot	1172	1812	0.31	0.29634655	0.43050146	
Black	Dot	1173	1813	0.15	0.06721237	0.020541454	
Black	Dot	1174	1815	0.3	0.07176149	0.08883255	
Black	Dot	1175	1817	0.25	0.069593444	0.07200351	
Black	Dot	1176	1818	0.2	0.316483	0.22800072	
Black	Dot	1177	1819	0.51	0.83785176	0.17163013	
Black	Dot	1178	1820	0.26	0.025288472	0.04677899	
Black	Dot	1179	1821	0.3	0.23275982	0.61819154	
Black	Dot	1180	1823	0.55	0.22472553	0.22186437	
Black	Dot	1181	1824	0.4	0.051384483	0.043974992	
Black	Dot	1182	1825	0.35	0.12400513	0.21831726	
Black	Dot	1183	1827	0.35	0.2686204	0.17462207	
Black	Dot	1184	1828	0.5	0.83785176	0.842074	
Black	Dot	1185	1829	0.25	0.10651109	0.13756609	
Black	Dot	1186	1830	0.26	0.0892353	0.12428641	
Black	Dot	1187	1831	0.615	0.63866794	0.53248316	
Black	Dot	1188	1832	0.3	0.05622934	0.056229364	
Black	Dot	1189	1833	0.31	0.07430682	0.10957057	
Black	Dot	1190	1834	0.25	0.20336767	0.24434344	
Black	Dot	1191	1835	0.26	0.080931716	0.161433	
Black	Dot	1192	1836	0.31	0.11407246	0.2295475	
Black	Dot	1193	1838	0.315	0.14881925	0.11686738	
Black	Dot	1194	1840	0.4	0.06885709	0.13453388	
Black	Dot	1195	1841	0.4	0.084854856	0.08773155	
Black	Dot	1196	1843	0.25	0.025241101	0.04697797	
Black	Dot	1197	1844	0.255	0.32283506	0.54618543	
Black	Dot	1198	1846	0.3	0.101981916	0.054903142	
Black	Dot	1199	1847	0.25	0.02421983	0.08567274	
Black	Dot	1200	1848	0.26	0.06491364	0.18243948	
Black	Dot	1201	1849	0.2	0.035475995	0.10367983	
Black	Dot	1202	1850	0.355	0.04864476	0.12238395	
Black	Dot	1203	1851	0.4	0.37799552	0.31334767	
Black	Dot	1204	1853	0.3	0.0694096	0.12983105	
Black	Dot	1205	1854	0.3	0.027333211	0.06402646	
Black	Dot	1206	1858	0.2	0.22984232	0.36948752	
Black	Dot	1207	1859	0.2	0.045907155	0.11806935	
Black	Dot	1208	1860	0.27	0.21736962	0.27919185	
Black	Dot	1209	1861	0.2	0.3747937	0.23905121	
Black	Dot	1210	1863	0.25	0.22760467	0.2820977	
Black	Dot	1211	1865	0.205	0.13908508	0.28229874	
Black	Dot	1212	1866	0.2	0.05396675	0.08484828	
Black	Dot	1213	1867	0.26	0.1281917	0.2548941	
Black	Dot	1214	1868	0.305	0.10717253	0.08746489	
Black	Dot	1215	1869	0.2	0.03408317	0.07755017	
Black	Dot	1216	1870	0.35	0.057392053	0.47698244	
Black	Dot	1217	1871	0.4	0.2058674	0.10735262	
Black	Dot	1218	1873	0.35	0.048761778	0.10192998	
Black	Dot	1219	1874	0.2	0.07888867	0.12259688	
Black	Dot	1220	1876	0.26	0.21602495	0.22551264	
Black	Dot	1221	1877	0.4	0.2053542	0.22830631	
Black	Dot	1222	1878	0.255	0.037678927	0.074983366	
Black	Dot	1223	1879	0.25	0.04567477	0.06537799	
Black	Dot	1224	1880	0.255	0.08722406	0.2061916	
Black	Dot	1225	1881	0.255	0.0656109	0.14410077	
Black	Dot	1226	1882	0.355	0.11066359	0.12449524	
Black	Dot	1227	1884	0.31	0.116641566	0.18743782	
Black	Dot	1228	1885	0.45	0.051363654	0.24968904	
Black	Dot	1229	1886	0.25	0.11649872	0.11616695	
Black	Dot	1230	1887	0.25	0.22848822	0.24467772	
Black	Dot	1231	1889	0.205	0.048565388	0.20326272	
Black	Dot	1232	1890	0.41	0.4821839	0.0672459	
Black	Dot	1233	1891	0.315	0.2956207	0.30521333	
Black	Dot	1234	1893	0.35	0.1853195	0.22529374	
Black	Dot	1235	1894	0.3	0.1853195	0.22529374	
Black	Dot	1236	1895	0.26	0.1223048	0.2793753	
Black	Dot	1237	1896	0.305	0.064101376	0.12120453	
Black	Dot	1238	1897	0.35	0.24351697	0.13559057	
Black	Dot	1239	1898	0.26	0.22738662	0.29388794	
Black	Dot	1240	1899	0.3	0.04999865	0.0846683	
Black	Dot	1241	1902	0.2	0.07218563	0.06423089	
Black	Dot	1242	1904	0.26	0.10777147	0.31359592	
Black	Dot	1243	1907	0.2	0.61917746	0.28045002	
Black	Dot	1244	1910	0.365	0.17566061	0.33768812	
Black	Dot	1245	1911	0.31	0.117157616	0.26212624	
Black	Dot	1246	1912	0.2	0.050668385	0.21014303	
Black	Dot	1247	1913	0.16	0.1719632	0.098587126	
Black	Dot	1248	1914	0.3	0.091433175	0.13396713	
Black	Dot	1249	1916	0.3	0.07785609	0.06795224	
Black	Dot	1250	1918	0.4	0.026102835	0.37881187	
Black	Dot	1251	1919	0.45	0.0898776	0.12409915	
Black	Dot	1252	1920	0.31	0.2360508	0.20591013	
Black	Dot	1253	1921	0.255	0.25221145	0.20653965	
Black	Dot	1254	1922	0.3	0.07508759	0.19211642	
Black	Dot	1255	1923	0.3	0.13522919	0.35275906	
Black	Dot	1256	1924	0.2	0.012804568	0.123880155	
Black	Dot	1257	1925	0.25	0.15364799	0.27601117	
Black	Dot	1258	1927	0.4	0.6107333	0.66553557	
Black	Dot	1259	1929	0.35	0.20298675	0.11057099	
Black	Dot	1260	1930	0.25	0.06328025	0.24263242	
Black	Dot	1261	1931	0.4	0.059428185	0.17048146	
Black	Dot	1262	1932	0.26	0.027210215	0.09609264	
Black	Dot	1263	1935	0.255	0.10023438	0.18544765	
Black	Dot	1264	1940	0.3	0.10237807	0.3140739	
Black	Dot	1265	1942	0.3	0.067384504	0.17555958	
Black	Dot	1266	1944	0.3	0.21329074	0.20534816	
Black	Dot	1267	1945	0.35	0.38508326	0.6519473	
Black	Dot	1268	1947	0.255	0.24515663	0.438108	
Black	Dot	1269	1948	0.3	0.19936545	0.22903684	
Black	Dot	1270	1949	0.4	0.026703745	0.064253606	
Black	Dot	1271	1950	0.55	0.07354026	0.37542966	
Black	Dot	1272	1951	0.205	0.065073214	0.102971956	
Black	Dot	1273	1952	0.3	0.042230465	0.21008947	
Black	Dot	1274	1955	0.4	0.064939946	0.1391281	
Black	Dot	1275	1956	0.4	0.11616327	0.25839505	
Black	Dot	1276	1957	0.155	0.12169868	0.19447182	
Black	Dot	1277	1958	0.25	0.020051915	0.12274235	
Black	Dot	1278	1959	0.3	0.053888742	0.15497953	
Black	Dot	1279	1960	0.35	0.04193416	0.11782961	
Black	Dot	1280	1961	0.35	0.10237805	0.17802377	
Black	Dot	1281	1962	0.3	0.091433175	0.15228795	
Black	Dot	1282	1963	0.255	0.12032908	0.37434885	
Black	Dot	1283	1965	0.3	0.27840623	0.42624566	
Black	Dot	1284	1966	0.255	0.321405	0.3598437	
Black	Dot	1285	1967	0.265	0.0441589	0.12576088	
Black	Dot	1286	1968	0.2	0.22838129	0.2302986	
Black	Dot	1287	1969	0.25	0.21153194	0.14994437	
Black	Dot	1288	1970	0.3	0.16885099	0.11972195	
Black	Dot	1289	1972	0.2	0.071323164	0.122425824	
Black	Dot	1290	1973	0.4	0.085814595	0.21812434	
Black	Dot	1291	1974	0.2	0.09761947	0.2688591	
Black	Dot	1292	1975	0.3	0.11209334	0.10473009	
Black	Dot	1293	1977	0.26	0.036567338	0.10369071	
Black	Dot	1294	1978	0.35	0.089684635	0.18079406	
Black	Dot	1295	1979	0.3	0.086036116	0.26647705	
Black	Dot	1296	1980	0.2	0.12738454	0.19813089	
Black	Dot	1297	1981	0.25	0.10282492	0.83182734	
Black	Dot	1298	1982	0.4	0.2601536	0.3583999	
Black	Dot	1299	1983	0.45	0.26595798	0.29114595	
Black	Dot	1300	1985	0.3	0.20933229	0.32248855	
Black	Dot	1301	1987	0.25	0.32590255	0.27826512	
Black	Dot	1302	1988	0.4	0.07468704	0.12124987	
Black	Dot	1303	1990	0.35	0.013597568	0.014472613	
Black	Dot	1304	1991	0.35	0.061683863	0.16431361	
Black	Dot	1305	1996	0.3	0.07184356	0.18215932	
Black	Dot	1306	1997	0.25	0.17831105	0.17961209	
Black	Dot	1307	1998	0.3	0.06979671	0.1256216	
Black	Dot	1308	1999	0.35	0.2829471	0.16996053	
Black	Dot	1309	2000	0.35	0.08727956	0.16291507	
Black	Dot	1310	2001	0.205	0.46589994	0.39471585	
Black	Dot	1311	2002	0.255	0.029397104	0.27241042	
Black	Dot	1312	2003	0.205	0.033171415	0.08540652	
Black	Dot	1313	2006	0.4	0.070665054	0.24940535	
Black	Dot	1314	2007	0.2	0.13774048	0.09690901	
Black	Dot	1315	2008	0.2	0.25410572	0.21489584	
Black	Dot	1316	2010	0.2	0.15552275	0.12103903	
Black	Dot	1317	2011	0.2	0.21455473	0.18292117	
Black	Dot	1318	2012	0.26	0.026199494	0.2774497	
Black	Dot	1319	2013	0.35	0.17053586	0.46589994	
Black	Dot	1320	2014	0.26	0.14503925	0.304305	
Black	Dot	1321	2015	0.32	0.12333456	0.09412425	
Black	Dot	1322	2016	0.2	0.06619452	0.12207066	
Black	Dot	1323	2017	0.25	0.06002	0.37944278	
Black	Dot	1324	2018	0.3	0.18645735	0.16098838	
Black	Dot	1325	2019	0.25	0.03361182	0.08983211	
Black	Dot	1326	2020	0.2	0.120312825	0.31393254	
Black	Dot	1327	2021	0.25	0.05180877	0.08762284	
Black	Dot	1328	2023	0.3	0.06722676	0.049023423	
Black	Dot	1329	2024	0.4	0.074079335	0.2746215	
Black	Dot	1330	2026	0.3	0.029960385	0.09799022	
Black	Dot	1331	2027	0.26	0.12866388	0.27963766	
Black	Dot	1332	2029	0.255	0.114219196	0.2803322	
Black	Dot	1333	2030	0.27	0.3823049	0.2791257	
Black	Dot	1334	2032	0.45	0.12152772	0.119215816	
Black	Dot	1335	2033	0.26	0.46589994	0.12955874	
Black	Dot	1336	2034	0.355	0.9112296	0.6145268	
Black	Dot	1337	2037	0.26	0.30710626	0.20387483	
Black	Dot	1338	2038	0.2	0.17345414	0.22351667	
Black	Dot	1339	2040	0.3	0.0929708	0.6231904	
Black	Dot	1340	2041	0.25	0.07464673	0.05703484	
Black	Dot	1341	2042	0.2	0.22467192	0.2557877	
Black	Dot	1342	2043	0.205	0.27449155	0.36145544	
Black	Dot	1343	2044	0.25	0.25933763	0.11667422	
Black	Dot	1344	2046	0.25	0.08351626	0.17140874	
Black	Dot	1345	2049	0.2	0.12330829	0.28628173	
Black	Dot	1346	2054	0.2	0.41525045	0.22980274	
Black	Dot	1347	2058	0.35	0.052761115	0.15647647	
Black	Dot	1348	2061	0.205	0.054963224	0.32131353	
Black	Dot	1349	2063	0.26	0.18697676	0.18799478	
Black	Dot	1350	2064	0.42	0.3220302	0.31467253	
Black	Dot	1351	2065	0.2	0.07375377	0.26034766	
Black	Dot	1352	2066	0.26	0.26835248	0.36248928	
Black	Dot	1353	2068	0.3	0.09114024	0.3757479	
Black	Dot	1354	2069	0.2	0.07225333	0.08505916	
Black	Dot	1355	2070	0.4	0.23563233	0.22641848	
Black	Dot	1356	2072	0.4	0.5052662	0.43807364	
Black	Dot	1357	2073	0.26	0.23870552	0.4893722	
Black	Dot	1358	2074	0.255	0.038817707	0.19706084	
Black	Dot	1359	2075	0.315	0.11655046	0.25564936	
Black	Dot	1360	2078	0.25	0.61876523	0.68834144	
Black	Dot	1361	2081	0.355	0.08730334	0.6519473	
Black	Dot	1362	2082	0.25	0.05837492	0.17293294	
Black	Dot	1363	2083	0.3	0.1323479	0.13350397	
Black	Dot	1364	2084	0.4	0.08843411	0.059057653	
Black	Dot	1365	2085	0.2	0.18960597	0.07058543	
Black	Dot	1366	2086	0.3	0.19927005	0.24560603	
Black	Dot	1367	2087	0.3	0.06936653	0.118567355	
Black	Dot	1368	2088	0.37	0.101270415	0.2644634	
Black	Dot	1369	2089	0.25	0.13853936	0.124576494	
Black	Dot	1370	2090	0.2	0.27353474	0.4298641	
Black	Dot	1371	2091	0.25	0.085076205	0.32218775	
Black	Dot	1372	2092	0.3	0.32114723	0.38391227	
Black	Dot	1373	2093	0.26	0.15890943	0.28296992	
Black	Dot	1374	2094	0.4	0.21836577	0.18255815	
Black	Dot	1375	2095	0.25	0.018444827	0.1150521	
Black	Dot	1376	2096	0.205	0.05236047	0.3525156	
Black	Dot	1377	2097	0.35	0.06525989	0.120053925	
Black	Dot	1378	2098	0.55	0.116222754	0.14601164	
Black	Dot	1379	2103	0.3	0.19942316	0.24013984	
Black	Dot	1380	2104	0.35	0.3224049	0.42636135	
Black	Dot	1381	2105	0.25	0.08341386	0.11421394	
Black	Dot	1382	2106	0.2	0.06930585	0.23223573	
Black	Dot	1383	2107	0.25	0.117881544	0.14557844	
Black	Dot	1384	2108	0.3	0.09876965	0.07239784	
Black	Dot	1385	2111	0.4	0.043220755	0.06755891	
Black	Dot	1386	2112	0.26	0.48628518	0.5324019	
Black	Dot	1387	2114	0.31	0.28039247	0.17648785	
Black	Dot	1388	2116	0.3	0.10891897	0.09757066	
Black	Dot	1389	2117	0.15	0.020879382	0.06598163	
Black	Dot	1390	2119	0.3	0.07391313	0.356615	
Black	Dot	1391	2120	0.315	0.056628518	0.24708329	
Black	Dot	1392	2121	0.31	0.05477879	0.25279763	
Black	Dot	1393	2123	0.2	0.056039408	0.28262347	
Black	Dot	1394	2128	0.305	0.09239658	0.3740485	
Black	Dot	1395	2130	0.2	0.10994045	0.10489971	
Black	Dot	1396	2131	0.3	0.4883505	0.6180188	
Black	Dot	1397	2134	0.35	0.19030868	0.08594465	
Black	Dot	1398	2135	0.25	0.07460514	0.45320958	
Black	Dot	1399	2136	0.2	0.07388089	0.19161552	
Black	Dot	1400	2138	0.25	0.084898844	0.07918381	
Black	Dot	1401	2139	0.26	0.1811419	0.2170432	
Black	Dot	1402	2140	0.3	0.35184303	0.26608843	
Black	Dot	1403	2141	0.26	0.08608504	0.24258767	
Black	Dot	1404	2142	0.205	0.008725525	0.20875157	
Black	Dot	1405	2143	0.3	0.023897376	0.048529442	
Black	Dot	1406	2144	0.205	0.2015536	0.29659003	
Black	Dot	1407	2147	0.25	0.04767765	0.23014061	
Black	Dot	1408	2148	0.9	0.96509165	0.1345974	
Black	Dot	1409	2149	0.35	0.24064016	0.3913274	
Black	Dot	1410	2151	0.4	0.5714489	0.46589994	
Black	Dot	1411	2152	0.5	0.089563906	0.1418042	
Black	Dot	1412	2155	0.25	0.32274804	0.46589994	
Black	Dot	1413	2157	0.35	0.15222195	0.04718548	
Black	Dot	1414	2158	0.205	0.18749122	0.21027835	
Black	Dot	1415	2160	0.4	0.22324261	0.17435394	
Black	Dot	1416	2161	0.3	0.4827752	0.5130144	
Black	Dot	1417	2163	0.3	0.13851485	0.161407	
Black	Dot	1418	2165	0.31	0.18399426	0.12154764	
Black	Dot	1419	2166	0.205	0.03371052	0.18537049	
Black	Dot	1420	2167	0.15	0.069077976	0.084292464	
Black	Dot	1421	2168	0.35	0.120482646	0.14121358	
Black	Dot	1422	2172	0.3	0.11545982	0.24381007	
Black	Dot	1423	2173	0.205	0.11704078	0.106138214	
Black	Dot	1424	2174	0.4	0.16620924	0.34926713	
Black	Dot	1425	2175	0.25	0.4369437	0.43301073	
Black	Dot	1426	2176	0.305	0.18702364	0.19306414	
Black	Dot	1427	2177	0.31	0.14867117	0.19720596	
Black	Dot	1428	2178	0.365	0.22999716	0.08096002	
Black	Dot	1429	2179	0.305	0.108974956	0.14695875	
Black	Dot	1430	2180	0.2	0.048947014	0.06851752	
Black	Dot	1431	2182	0.35	0.06959634	0.21010195	
Black	Dot	1432	2183	0.2	0.041902058	0.08874398	
Black	Dot	1433	2184	0.26	0.11518122	0.20422617	
Black	Dot	1434	2185	0.25	0.052906208	0.30760953	
Black	Dot	1435	2186	0.35	0.051852968	0.1224326	
Black	Dot	1436	2187	0.3	0.09832235	0.1267403	
Black	Dot	1437	2188	0.205	0.14585158	0.25360587	
Black	Dot	1438	2189	0.26	0.20599337	0.23139241	
Black	Dot	1439	2190	0.45	0.93635553	0.28292587	
Black	Dot	1440	2192	0.415	0.3212831	0.0732782	
Black	Dot	1441	2196	0.3	0.06932463	0.09879782	
Black	Dot	1442	2199	0.25	0.22517763	0.43788156	
Black	Dot	1443	2200	0.35	0.17132151	0.26444447	
Black	Dot	1444	2202	0.3	0.027860682	0.048971	
Black	Dot	1445	2203	0.35	0.060233984	0.29009974	
Black	Dot	1446	2204	0.26	0.3214381	0.29063734	
Black	Dot	1447	2205	0.15	0.15383963	0.08907165	
Black	Dot	1448	2207	0.315	0.07684156	0.069564685	
Black	Dot	1449	2209	0.315	0.22942424	0.05520996	
Black	Dot	1450	2210	0.25	0.03810575	0.08868226	
Black	Dot	1451	2211	0.15	0.08289315	0.29629427	
Black	Dot	1452	2212	0.26	0.22821698	0.18421556	
Black	Dot	1453	2213	0.35	0.05238357	0.19303809	
Black	Dot	1454	2215	0.2	0.05960503	0.22047512	
Black	Dot	1455	2216	0.25	0.123506695	0.08213515	
Black	Dot	1456	2217	0.2	0.01654028	0.11947569	
Black	Dot	1457	2218	0.35	0.19505572	0.17594968	
Black	Dot	1458	2220	0.3	0.10016127	0.07769036	
Black	Dot	1459	2221	0.205	0.045948807	0.16008413	
Black	Dot	1460	2223	0.3	0.22403029	0.23956396	
Black	Dot	1461	2224	0.37	0.043771364	0.30646276	
Black	Dot	1462	2226	0.3	0.11434879	0.09093454	
Black	Dot	1463	2227	0.35	0.08730334	0.03552928	
Black	Dot	1464	2229	0.26	0.14957365	0.1936586	
Black	Dot	1465	2230	0.3	0.06539249	0.17954652	
Black	Dot	1466	2234	0.26	0.09448656	0.19972518	
Black	Dot	1467	2236	0.4	0.06833216	0.16248411	
Black	Dot	1468	2238	0.26	0.07816787	0.15235804	
Black	Dot	1469	2241	0.205	0.07634754	0.10871114	
Black	Dot	1470	2242	0.3	0.121984646	0.06762332	
Black	Dot	1471	2243	0.205	0.2196005	0.19886063	
Black	Dot	1472	2244	0.26	0.11509347	0.09570587	
Black	Dot	1473	2245	0.3	0.20147713	0.008179854	
Black	Dot	1474	2246	0.3	0.23545356	0.27757153	
Black	Dot	1475	2247	0.31	0.07804351	0.087264754	
Black	Dot	1476	2248	0.35	0.14416365	0.120732285	
Black	Dot	1477	2249	0.3	0.15328532	0.053572524	
Black	Dot	1478	2250	0.4	0.048662722	0.06407301	
Black	Dot	1479	2251	0.45	0.16150124	0.009415776	
Black	Dot	1480	2252	0.3	0.038473748	0.3218984	
Black	Dot	1481	2255	0.45	0.2996251	0.29803705	
Black	Dot	1482	2256	0.35	0.12360317	0.06192574	
Black	Dot	1483	2257	0.22	0.10798705	0.23030537	
Black	Dot	1484	2258	0.45	0.4928856	0.12015639	
Black	Dot	1485	2260	0.31	0.11247037	0.25622773	
Black	Dot	1486	2261	0.3	0.18961258	0.22926602	
Black	Dot	1487	2262	0.36	0.11931793	0.3211811	
Black	Dot	1488	2263	0.255	0.21701287	0.37731105	
Black	Dot	1489	2265	0.4	0.11766897	0.3573584	
Black	Dot	1490	2266	0.3	0.114700444	0.06984932	
Black	Dot	1491	2267	0.45	0.2819096	0.3155967	
Black	Dot	1492	2270	0.31	0.07395346	0.21157552	
Black	Dot	1493	2277	0.3	0.21960065	0.119207844	
Black	Dot	1494	2278	0.35	0.065139286	0.2406313	
Black	Dot	1495	2279	0.4	0.058829267	0.111158505	
Black	Dot	1496	2283	0.205	0.11700204	0.12070808	
Black	Dot	1497	2285	0.26	0.06321076	0.1355788	
Black	Dot	1498	2288	0.35	0.53348994	0.55071336	
Black	Dot	1499	2290	0.35	0.14996293	0.33802727	
Black	Dot	1500	2294	0.2	0.071950935	0.09326611	
Black	Dot	1501	2296	0.25	0.16455337	0.3131468	
Black	Dot	1502	2297	0.3	0.13784224	0.34602812	
Black	Dot	1503	2298	0.26	0.07759055	0.41782886	
Black	Dot	1504	2299	0.35	0.07623672	0.15998021	
Black	Dot	1505	2300	0.4	0.09693301	0.15409178	
Black	Dot	1506	2304	0.45	0.07060374	0.15070447	
Black	Dot	1507	2305	0.4	0.13493425	0.108330965	
Black	Dot	1508	2306	0.5	0.6519473	0.22363977	
Black	Dot	1509	2310	0.26	0.087303296	0.096003234	
Black	Dot	1510	2311	0.31	0.13744015	0.1333341	
Black	Dot	1511	2313	0.22	0.053404696	0.09577704	
Black	Dot	1512	2315	0.3	0.040146157	0.19119488	
Black	Dot	1513	2316	0.25	0.016855052	0.117579244	
Black	Dot	1514	2318	0.25	0.07031847	0.123754054	
Black	Dot	1515	2319	0.26	0.14497104	0.43047747	
Black	Dot	1516	2321	0.3	0.123829834	0.10883253	
Black	Dot	1517	2323	0.25	0.040361512	0.27995366	
Black	Dot	1518	2324	0.26	0.34474742	0.29080355	
Black	Dot	1519	2326	0.4	0.0606244	0.11448763	
Black	Dot	1520	2327	0.25	0.0310874	0.08401077	
Black	Dot	1521	2328	0.3	0.13393895	0.1813613	
Black	Dot	1522	2330	0.205	0.02098971	0.06508372	
Black	Dot	1523	2331	0.265	0.059475265	0.22847833	
Black	Dot	1524	2333	0.3	0.2171874	0.40976435	
Black	Dot	1525	2334	0.25	0.05250006	0.06450444	
Black	Dot	1526	2336	0.4	0.2321516	0.2365912	
Black	Dot	1527	2337	0.205	0.27581084	0.08331571	
Black	Dot	1528	2338	0.3	0.12015942	0.07054074	
Black	Dot	1529	2340	0.3	0.11938017	0.116187945	
Black	Dot	1530	2341	0.26	0.21479481	0.13255915	
Black	Dot	1531	2342	0.26	0.10625086	0.11762841	
Black	Dot	1532	2343	0.205	0.06554582	0.0733832	
Black	Dot	1533	2346	0.4	0.048098717	0.18381648	
Black	Dot	1534	2347	0.325	0.088318355	0.21050698	
Black	Dot	1535	2351	0.25	0.2775001	0.1709198	
Black	Dot	1536	2353	0.4	0.20808344	0.120604314	
Black	Dot	1537	2356	0.3	0.065227225	0.14188094	
Black	Dot	1538	2358	0.25	0.43193302	0.46589994	
Black	Dot	1539	2359	0.35	0.1266438	0.07962314	
Black	Dot	1540	2360	0.4	0.11019049	0.36017975	
Black	Dot	1541	2361	0.25	0.040525045	0.15371147	
Black	Dot	1542	2362	0.2	0.36969012	0.61802065	
Black	Dot	1543	2364	0.35	0.122420296	0.11710274	
Black	Dot	1544	2365	0.3	0.025353419	0.25442216	
Black	Dot	1545	2366	0.3	0.085339956	0.1538095	
Black	Dot	1546	2368	0.25	0.17435189	0.21908629	
Black	Dot	1547	2369	0.3	0.081300765	0.10247029	
Black	Dot	1548	2370	0.45	0.073838234	0.15039627	
Black	Dot	1549	2373	0.3	0.07568419	0.085937575	
Black	Dot	1550	2375	0.2	0.16804181	0.115583815	
Black	Dot	1551	2376	0.25	0.03688613	0.09129838	
Black	Dot	1552	2377	0.35	0.029358827	0.2250757	
Black	Dot	1553	2378	0.3	0.21209776	0.3764404	
Black	Dot	1554	2380	0.25	0.05419086	0.10413642	
Black	Dot	1555	2381	0.2	0.10108427	0.13611089	
Black	Dot	1556	2382	0.25	0.13907693	0.1441253	
Black	Dot	1557	2384	0.4	0.13895081	0.30323258	
Black	Dot	1558	2385	0.45	0.89948845	0.24298374	
Black	Dot	1559	2386	0.3	0.09776058	0.24304414	
Black	Dot	1560	2387	0.2	0.024742467	0.017748931	
Black	Dot	1561	2388	0.3	0.04124484	0.13461575	
Black	Dot	1562	2389	0.35	0.08541651	0.22574231	
Black	Dot	1563	2390	0.25	0.7388681	0.45335805	
Black	Dot	1564	2391	0.2	0.17258903	0.20882644	
Black	Dot	1565	2392	0.25	0.03817958	0.10934385	
Black	Dot	1566	2393	0.26	0.06951164	0.18058932	
Black	Dot	1567	2396	0.35	0.04982068	0.2316776	
Black	Dot	1568	2397	0.2	0.025115402	0.16246095	
Black	Dot	1569	2399	0.4	0.059475265	0.7607636	
Black	Dot	1570	2401	0.205	0.1779145	0.18915108	
Black	Dot	1571	2402	0.26	0.2712065	0.11484349	
Black	Dot	1572	2403	0.2	0.11584242	0.5227844	
Black	Dot	1573	2405	0.3	0.03850584	0.23531808	
Black	Dot	1574	2406	0.4	0.45254555	0.43714583	
Black	Dot	1575	2407	0.25	0.11358784	0.10327409	
Black	Dot	1576	2408	0.205	0.115717046	0.2152538	
Black	Dot	1577	2409	0.35	0.68671054	0.43609226	
Black	Dot	1578	2410	0.31	0.11614408	0.12761348	
Black	Dot	1579	2412	0.4	0.07263695	0.12556097	
Black	Dot	1580	2413	0.35	0.2446769	0.48335552	
Black	Dot	1581	2414	0.255	0.13353013	0.26979575	
Black	Dot	1582	2415	0.265	0.06601328	0.15838777	
Black	Dot	1583	2416	0.35	0.13405582	0.2052634	
Black	Dot	1584	2417	0.25	0.04226926	0.22986123	
Black	Dot	1585	2418	0.4	0.11815232	0.22442473	
Black	Dot	1586	2420	0.35	0.12679353	0.16832829	
Black	Dot	1587	2421	0.365	0.21217482	0.18497008	
Black	Dot	1588	2422	0.2	0.06256951	0.19297104	
Black	Dot	1589	2423	0.26	0.5052005	0.312499	
Black	Dot	1590	2424	0.2	0.03600414	0.21217546	
Black	Dot	1591	2425	0.35	0.3014671	0.22549376	
Black	Dot	1592	2429	0.25	0.53854156	0.08298606	
Black	Dot	1593	2430	0.4	0.3603131	0.3213628	
Black	Dot	1594	2431	0.35	0.23010078	0.50248486	
Black	Dot	1595	2432	0.26	0.115963995	0.22555603	
Black	Dot	1596	2433	0.35	0.03505684	0.08797796	
Black	Dot	1597	2434	0.4	0.025916494	0.0649278	
Black	Dot	1598	2435	0.3	0.109594725	0.18565302	
Black	Dot	1599	2436	0.375	0.14893042	0.22374325	
Black	Dot	1600	2438	0.315	0.07091505	0.32715797	
Black	Dot	1601	2439	0.45	0.19309519	0.33427864	
Black	Dot	1602	2442	0.3	0.059475265	0.13667333	
Black	Dot	1603	2443	0.35	0.065536484	0.07156328	
Black	Dot	1604	2444	0.25	0.11299731	0.062146123	
Black	Dot	1605	2445	0.4	0.18821275	0.23072283	
Black	Dot	1606	2446	0.25	0.32229498	0.11752731	
Black	Dot	1607	2447	0.3	0.0091855815	0.5135175	
Black	Dot	1608	2449	0.35	0.6823716	0.5055135	
Black	Dot	1609	2450	0.3	0.06064347	0.31401736	
Black	Dot	1610	2451	0.25	0.32146478	0.43997958	
Black	Dot	1611	2452	0.26	0.12064297	0.23723969	
Black	Dot	1612	2453	0.205	0.0837939	0.19756627	
Black	Dot	1613	2455	0.4	0.20773044	0.3871683	
Black	Dot	1614	2456	0.16	0.036109712	0.06494861	
Black	Dot	1615	2457	0.25	0.47155666	0.29027593	
Black	Dot	1616	2459	0.2	0.20935762	0.37415737	
Black	Dot	1617	2460	0.2	0.059475265	0.35947308	
Black	Dot	1618	2461	0.3	0.045384526	0.18519983	
Black	Dot	1619	2464	0.4	0.07040189	0.25447717	
Black	Dot	1620	2468	0.35	0.11906731	0.15794377	
Black	Dot	1621	2470	0.2	0.442474	0.22183838	
Black	Dot	1622	2471	0.25	0.19833401	0.49013415	
Black	Dot	1623	2472	0.35	0.20817629	0.23898767	
Black	Dot	1624	2475	0.31	0.060945015	0.05614596	
Black	Dot	1625	2476	0.26	0.07618846	0.057747938	
Black	Dot	1626	2477	0.35	0.2037588	0.0708153	
Black	Dot	1627	2478	0.4	0.06557036	0.3634495	
Black	Dot	1628	2479	0.45	0.054745015	0.17253648	
Black	Dot	1629	2481	0.305	0.1191767	0.13111703	
Black	Dot	1630	2483	0.31	0.25700682	0.28249526	
Black	Dot	1631	2484	0.365	0.10098944	0.27798477	
Black	Dot	1632	2485	0.31	0.06974933	0.22428036	
Black	Dot	1633	2486	0.35	0.08116462	0.46589994	
Black	Dot	1634	2487	0.31	0.36062473	0.32236388	
Black	Dot	1635	2488	0.415	0.1501285	0.12631387	
Black	Dot	1636	2489	0.3	0.39158317	0.21474493	
Black	Dot	1637	2490	0.255	0.17794256	0.09039839	
Black	Dot	1638	2491	0.35	0.032275602	0.12887917	
Black	Dot	1639	2493	0.35	0.06875354	0.070312485	
Black	Dot	1640	2494	0.45	0.05420343	0.09379988	
Black	Dot	1641	2495	0.4	0.1143664	0.1695892	
Black	Dot	1642	2496	0.35	0.18385962	0.46589994	
Black	Dot	1643	2497	0.4	0.10894404	0.1484312	
Black	Dot	1644	2498	0.31	0.26475188	0.15364562	
Black	Dot	1645	2499	0.35	0.16573378	0.117332354	
Black	Dot	1646	2500	0.25	0.35769266	0.21749417	
Black	Dot	1647	2501	0.35	0.24246919	0.17156965	
Black	Dot	1648	2503	0.25	0.060612343	0.16535345	
Black	Dot	1649	2505	0.3	0.14750257	0.19519089	
Black	Dot	1650	2506	0.4	0.08037971	0.19713058	
Black	Dot	1651	2507	0.45	0.35980496	0.47703516	
Black	Dot	1652	2508	0.3	0.46082973	0.14436102	
Black	Dot	1653	2509	0.35	0.03448509	0.47068134	
Black	Dot	1654	2510	0.31	0.2293473	0.11774144	
Black	Dot	1655	2511	0.5	0.8935705	0.4925741	
Black	Dot	1656	2512	0.45	0.6079781	0.5030624	
Black	Dot	1657	2513	0.3	0.08730334	0.38277832	
Black	Dot	1658	2514	0.3	0.6079781	0.43421403	
Black	Dot	1659	2517	0.3	0.11783952	0.21696042	
Black	Dot	1660	2518	0.31	0.17035925	0.11979538	
Black	Dot	1661	2519	0.31	0.049541775	0.43953893	
Black	Dot	1662	2524	0.25	0.7388681	0.11196345	
Black	Dot	1663	2525	0.3	0.2776649	0.4369218	
Black	Dot	1664	2526	0.45	0.18249582	0.25389725	
Black	Dot	1665	2527	0.25	0.10218931	0.23109148	
Black	Dot	1666	2528	0.4	0.923108	0.18137199	
Black	Dot	1667	2529	0.25	0.066590086	0.12850128	
Black	Dot	1668	2530	0.3	0.16630165	0.27157056	
Black	Dot	1669	2531	0.31	0.12063162	0.17766123	
Black	Dot	1670	2533	0.4	0.12009507	0.22902644	
Black	Dot	1671	2534	0.45	0.09017966	0.22642179	
Black	Dot	1672	2538	0.3	0.20258069	0.104363844	
Black	Dot	1673	2539	0.25	0.044556826	0.11333372	
Black	Dot	1674	2541	0.3	0.0728591	0.15111968	
Black	Dot	1675	2542	0.25	0.37471926	0.04675049	
Black	Dot	1676	2544	0.255	0.65520185	0.68710625	
Black	Dot	1677	2546	0.255	0.0569548	0.1821059	
Black	Dot	1678	2547	0.31	0.09539043	0.32137012	
Black	Dot	1679	2548	0.3	0.31806573	0.316209	
Black	Dot	1680	2549	0.255	0.070714794	0.13458449	
Black	Dot	1681	2552	0.415	0.09310082	0.14807329	
Black	Dot	1682	2553	0.5	0.37002513	0.21148302	
Black	Dot	1683	2554	0.4	0.18049209	0.11769783	
Black	Dot	1684	2558	0.35	0.08740588	0.28845778	
Black	Dot	1685	2559	0.355	0.69646615	0.43174213	
Black	Dot	1686	2560	0.4	0.08996758	0.113389686	
Black	Dot	1687	2561	0.3	0.013162086	0.12630102	
Black	Dot	1688	2562	0.365	0.30405176	0.3355754	
Black	Dot	1689	2564	0.55	0.11797861	0.19434924	
Black	Dot	1690	2565	0.4	0.22419833	0.15294573	
Black	Dot	1691	2566	0.25	0.07247237	0.22959715	
Black	Dot	1692	2567	0.4	0.24318425	0.44149506	
Black	Dot	1693	2569	0.45	0.031856317	0.037950452	
Black	Dot	1694	2570	0.255	0.11683933	0.2188149	
Black	Dot	1695	2572	0.5	0.9486035	0.7143426	
Black	Dot	1696	2573	0.35	0.6182368	0.26074135	
Black	Dot	1697	2574	0.415	0.5211443	0.5859479	
Black	Dot	1698	2575	0.42	0.2220675	0.38677347	
Black	Dot	1699	2577	0.31	0.66553557	0.32162055	
Black	Dot	1700	2583	0.5	0.32208943	0.36529422	
Black	Dot	1701	2585	0.35	0.21640223	0.14064243	
Black	Dot	1702	2586	0.25	0.10727658	0.16189057	
Black	Dot	1703	2587	0.45	0.041184977	0.068572894	
Black	Dot	1704	2590	0.3	0.08730334	0.15141594	
Black	Dot	1705	2591	0.42	0.21648812	0.6079781	
Black	Dot	1706	2592	0.355	0.07171492	0.079128206	
Black	Dot	1707	2593	0.45	0.28992838	0.1546167	
Black	Dot	1708	2595	0.365	0.044189572	0.23306686	
Black	Dot	1709	2596	0.35	0.02255041	0.19643189	
Black	Dot	1710	2598	0.31	0.21349172	0.16169748	
Black	Dot	1711	2599	0.4	0.48898554	0.5313036	
Black	Dot	1712	2602	0.3	0.07319775	0.08107284	
Black	Dot	1713	2603	0.31	0.18652077	0.12243831	
Black	Dot	1714	2604	0.4	0.12301757	0.12803467	
Black	Dot	1715	2605	0.3	0.16285226	0.22940402	
Black	Dot	1716	2606	0.31	0.36617327	0.64068305	
Black	Dot	1717	2608	0.35	0.14104292	0.28370818	
Black	Dot	1718	2609	0.365	0.249564	0.16476473	
Black	Dot	1719	2610	0.305	0.871496	0.057383277	
Black	Dot	1720	2612	0.35	0.22002372	0.23499404	
Black	Dot	1721	2613	0.45	0.12070066	0.19529873	
Black	Dot	1722	2614	0.305	0.95314676	0.5656482	
Black	Dot	1723	2615	0.4	0.046828467	0.2229221	
Black	Dot	1724	2616	0.32	0.06251509	0.26612425	
Black	Dot	1725	2619	0.255	0.38336122	0.35760677	
Black	Dot	1726	2620	0.3	0.14602436	0.121772714	
Black	Dot	1727	2622	0.25	0.06475802	0.16660322	
Black	Dot	1728	2623	0.45	0.012657683	0.04036497	
Black	Dot	1729	2624	0.4	0.14914627	0.24349129	
Black	Dot	1730	2625	0.45	0.022214174	0.25436774	
Black	Dot	1731	2626	0.3	0.21870117	0.30694202	
Black	Dot	1732	2627	0.255	0.120097846	0.29896966	
Black	Dot	1733	2628	0.31	0.2515224	0.4964984	
Black	Dot	1734	2629	0.35	0.20168018	0.29480663	
Black	Dot	1735	2630	0.205	0.2568331	0.32177475	
Black	Dot	1736	2632	0.255	0.3754187	0.43865806	
Black	Dot	1737	2633	0.365	0.11269428	0.23855515	
Black	Dot	1738	2634	0.255	0.070828885	0.25231367	
Black	Dot	1739	2635	0.5	0.07804536	0.11790079	
Black	Dot	1740	2636	0.42	0.038941205	0.18323374	
Black	Dot	1741	2639	0.35	0.12080327	0.13722408	
Black	Dot	1742	2640	0.35	0.039533805	0.07813601	
Black	Dot	1743	2641	0.35	0.1618188	0.20375538	
Black	Dot	1744	2642	0.25	0.073845804	0.09347834	
Black	Dot	1745	2643	0.4	0.23079234	0.23636648	
Black	Dot	1746	2644	0.35	0.17891967	0.1193355	
Black	Dot	1747	2645	0.45	0.093254514	0.13264543	
Black	Dot	1748	2649	0.255	0.08730334	0.36760426	
Black	Dot	1749	2650	0.355	0.08730334	0.43036482	
Black	Dot	1750	2652	0.3	0.23112018	0.24892017	
Black	Dot	1751	2653	0.3	0.6519473	0.07897994	
Black	Dot	1752	2655	0.25	0.2549317	0.27150798	
Black	Dot	1753	2657	0.3	0.11321428	0.2206099	
Black	Dot	1754	2659	0.3	0.21616536	0.11933026	
Black	Dot	1755	2661	0.2	0.009560435	0.7143426	
Black	Dot	1756	2662	0.45	0.29656386	0.22746575	
Black	Dot	1757	2666	0.355	0.0670837	0.22469826	
Black	Dot	1758	2667	0.31	0.10289926	0.1830656	
Black	Dot	1759	2668	0.4	0.06502429	0.1539199	
Black	Dot	1760	2669	0.4	0.023681154	0.2266019	
Black	Dot	1761	2670	0.35	0.14419554	0.44456708	
Black	Dot	1762	2671	0.255	0.3212831	0.25224623	
Black	Dot	1763	2672	0.365	0.101374514	0.38625515	
Black	Dot	1764	2675	0.35	0.27699208	0.38176244	
Black	Dot	1765	2676	0.31	0.013839571	0.077682145	
Black	Dot	1766	2677	0.37	0.2917836	0.46589994	
Black	Dot	1767	2679	0.45	0.31568393	0.041598216	
Black	Dot	1768	2680	0.4	0.042026885	0.128218	
Black	Dot	1769	2684	0.45	0.39394122	0.21304588	
Black	Dot	1770	2685	0.25	0.16869643	0.2732409	
Black	Dot	1771	2686	0.4	0.2999569	0.3678418	
Black	Dot	1772	2687	0.45	0.06977582	0.10558272	
Black	Dot	1773	2688	0.35	0.20758009	0.7143426	
Black	Dot	1774	2690	0.5	0.09475311	0.09487082	
Black	Dot	1775	2691	0.25	0.21865709	0.07837329	
Black	Dot	1776	2692	0.3	0.058343112	0.09638133	
Black	Dot	1777	2693	0.35	0.22228263	0.07568128	
Black	Dot	1778	2694	0.31	0.11981769	0.0632907	
Black	Dot	1779	2697	0.31	0.19388326	0.14655331	
Black	Dot	1780	2698	0.4	0.096315295	0.1744141	
Black	Dot	1781	2699	0.45	0.4876931	0.35483852	
Black	Dot	1782	2703	0.4	0.066392034	0.24880455	
Black	Dot	1783	2705	0.36	0.6587229	0.22684738	
Black	Dot	1784	2706	0.3	0.09622308	0.2802529	
Black	Dot	1785	2707	0.3	0.24179973	0.18373129	
Black	Dot	1786	2708	0.3	0.14912108	0.12901351	
Black	Dot	1787	2712	0.45	0.2508098	0.37369657	
Black	Dot	1788	2713	0.255	0.047806088	0.06858789	
Black	Dot	1789	2715	0.35	0.1887992	0.375265	
Black	Dot	1790	2717	0.35	0.11582171	0.15601015	
Black	Dot	1791	2718	0.365	0.07013071	0.0675582	
Black	Dot	1792	2719	0.31	0.025953205	0.6519473	
Black	Dot	1793	2720	0.4	0.10041469	0.17276058	
Black	Dot	1794	2721	0.365	0.117434494	0.12586556	
Black	Dot	1795	2727	0.3	0.10616315	0.007046561	
Black	Dot	1796	2730	0.4	0.098335855	0.15327163	
Black	Dot	1797	2731	0.3	0.029888952	0.30669978	
Black	Dot	1798	2732	0.42	0.15078194	0.16671398	
Black	Dot	1799	2734	0.31	0.16098359	0.07347485	
Black	Dot	1800	2736	0.35	0.028625784	0.2083536	
Black	Dot	1801	2737	0.45	0.026032424	0.30573678	
Black	Dot	1802	2738	0.255	0.072671585	0.18860784	
Black	Dot	1803	2740	0.255	0.30506447	0.45499417	
Black	Dot	1804	2742	0.3	0.060980838	0.067380786	
Black	Dot	1805	2743	0.3	0.058227934	0.07282461	
Black	Dot	1806	2747	0.4	0.5705242	0.37240526	
Black	Dot	1807	2748	0.35	0.087303296	0.059412777	
Black	Dot	1808	2749	0.45	0.0790606	0.552958	
Black	Dot	1809	2750	0.3	0.11817372	0.08548494	
Black	Dot	1810	2751	0.25	0.022502325	0.24628794	
Black	Dot	1811	2752	0.255	0.16728285	0.3085722	
Black	Dot	1812	2753	0.4	0.15040223	0.3223992	
Black	Dot	1813	2757	0.3	0.37113342	0.17865904	
Black	Dot	1814	2760	0.25	0.07164049	0.06592535	
Black	Dot	1815	2761	0.3	0.2355333	0.3958012	
Black	Dot	1816	2762	0.3	0.07041788	0.1236178	
Black	Dot	1817	2766	0.425	0.034787733	0.041557007	
Black	Dot	1818	2767	0.35	0.33452776	0.13739024	
Black	Dot	1819	2770	0.4	0.21732935	0.20459391	
Black	Dot	1820	2772	0.25	0.21908508	0.10703833	
Black	Dot	1821	2773	0.315	0.16513687	0.6470137	
Black	Dot	1822	2774	0.305	0.5349318	0.17178352	
Black	Dot	1823	2775	0.4	0.048157275	0.23762074	
Black	Dot	1824	2776	0.4	0.17725706	0.27461672	
Black	Dot	1825	2777	0.37	0.12045558	0.30396816	
Black	Dot	1826	2779	0.3	0.21983469	0.22059952	
Black	Dot	1827	2780	0.315	0.1516121	0.17790376	
Black	Dot	1828	2781	0.35	0.12040874	0.053957228	
Black	Dot	1829	2782	0.26	0.09895107	0.20178421	
Black	Dot	1830	2783	0.36	0.17651041	0.2728271	
Black	Dot	1831	2784	0.365	0.118746914	0.22615373	
Black	Dot	1832	2785	0.4	0.10130231	0.11790334	
Black	Dot	1833	2786	0.45	0.033689547	0.21826963	
Black	Dot	1834	2787	0.3	0.06522034	0.12368912	
Black	Dot	1835	2788	0.31	0.10811824	0.23516871	
Black	Dot	1836	2789	0.4	0.15323973	0.2326123	
Black	Dot	1837	2790	0.35	0.13160567	0.24407691	
Black	Dot	1838	2791	0.45	0.19491297	0.0899167	
Black	Dot	1839	2793	0.4	0.22065055	0.22750808	
Black	Dot	1840	2794	0.4	0.5038981	0.20658469	
Black	Dot	1841	2795	0.3	0.1172237	0.1777504	
Black	Dot	1842	2797	0.45	0.12098356	0.0706318	
Black	Dot	1843	2798	0.3	0.28698644	0.68672085	
Black	Dot	1844	2799	0.3	0.030116567	0.16351782	
Black	Dot	1845	2800	0.25	0.15050104	0.12158499	
Black	Dot	1846	2801	0.2	0.20898944	0.122130625	
Black	Dot	1847	2803	0.25	0.053799607	0.19483016	
Black	Dot	1848	2805	0.4	0.1501246	0.08849438	
Black	Dot	1849	2806	0.3	0.08932704	0.2393041	
Black	Dot	1850	2807	0.3	0.24584626	0.10897625	
Black	Dot	1851	2808	0.35	0.051098477	0.12148966	
Black	Dot	1852	2809	0.25	0.12305002	0.0918357	
Black	Dot	1853	2810	0.25	0.06949181	0.20847583	
Black	Dot	1854	2811	0.45	0.0632248	0.20746665	
Black	Dot	1855	2813	0.4	0.24459189	0.15605439	
Black	Dot	1856	2814	0.35	0.08118219	0.087981366	
Black	Dot	1857	2815	0.35	0.2830144	0.5398131	
Black	Dot	1858	2816	0.3	0.22764978	0.11037493	
Black	Dot	1859	2817	0.3	0.063774586	0.06626785	
Black	Dot	1860	2818	0.25	0.11057257	0.32229504	
Black	Dot	1861	2821	0.3	0.025659628	0.023730684	
Black	Dot	1862	2824	0.35	0.047501497	0.035040278	
Black	Dot	1863	2827	0.35	0.31507963	0.2815293	
Black	Dot	1864	2828	0.3	0.08121393	0.11665936	
Black	Dot	1865	2830	0.3	0.09856661	0.20245333	
Black	Dot	1866	2832	0.35	0.40487948	0.4422423	
Black	Dot	1867	2833	0.25	0.34408867	0.31404468	
Black	Dot	1868	2834	0.255	0.036308598	0.08453494	
Black	Dot	1869	2835	0.305	0.14384885	0.2256818	
Black	Dot	1870	2836	0.35	0.118715435	0.13093674	
Black	Dot	1871	2837	0.4	0.041721668	0.09266629	
Black	Dot	1872	2838	0.3	0.36942253	0.27628848	
Black	Dot	1873	2839	0.45	0.46589994	0.32207042	
Black	Dot	1874	2841	0.3	0.03296951	0.11495985	
Black	Dot	1875	2842	0.25	0.46589994	0.32143772	
Black	Dot	1876	2843	0.35	0.059238743	0.20088227	
Black	Dot	1877	2844	0.3	0.12266908	0.25209406	
Black	Dot	1878	2845	0.4	0.22587223	0.22451416	
Black	Dot	1879	2847	0.25	0.17378825	0.124127604	
Black	Dot	1880	2849	0.35	0.058330435	0.09119462	
Black	Dot	1881	2851	0.2	0.5310077	0.5309902	
Black	Dot	1882	2852	0.35	0.09256462	0.21934275	
Black	Dot	1883	2853	0.25	0.11070145	0.24593063	
Black	Dot	1884	2854	0.4	0.060937475	0.18082984	
Black	Dot	1885	2856	0.35	0.16161498	0.19037826	
Black	Dot	1886	2857	0.4	0.3037428	0.32347625	
Black	Dot	1887	2858	0.3	0.06254716	0.07477079	
Black	Dot	1888	2859	0.25	0.2251945	0.20158125	
Black	Dot	1889	2860	0.2	0.0872959	0.27947474	
Black	Dot	1890	2861	0.25	0.08415787	0.074530646	
Black	Dot	1891	2862	0.26	0.13853066	0.1954027	
Black	Dot	1892	2863	0.205	0.08895502	0.24058962	
Black	Dot	1893	2864	0.25	0.064952575	0.21971107	
Black	Dot	1894	2866	0.35	0.22207114	0.35502353	
Black	Dot	1895	2868	0.35	0.106468335	0.17431454	
Black	Dot	1896	2869	0.3	0.07125981	0.27798262	
Black	Dot	1897	2870	0.35	0.062376477	0.22137012	
Black	Dot	1898	2871	0.25	0.09171774	0.1499007	
Black	Dot	1899	2875	0.1	0.03875462	0.040915318	
Black	Dot	1900	2876	0.35	0.0481339	0.19156297	
Black	Dot	1901	2877	0.25	0.07035325	0.11857175	
Black	Dot	1902	2878	0.2	0.07955209	0.28008577	
Black	Dot	1903	2879	0.35	0.16031155	0.075615436	
Black	Dot	1904	2880	0.35	0.1335238	0.2265244	
Black	Dot	1905	2881	0.365	0.11945922	0.22330402	
Black	Dot	1906	2882	0.25	0.5243082	0.35883814	
Black	Dot	1907	2885	0.35	0.07670267	0.17671895	
Black	Dot	1908	2886	0.3	0.09637147	0.119654775	
Black	Dot	1909	2887	0.26	0.12160908	0.109282695	
Black	Dot	1910	2889	0.2	0.07656454	0.14592606	
Black	Dot	1911	2891	0.35	0.17107955	0.41246834	
Black	Dot	1912	2893	0.3	0.04071945	0.035721276	
Black	Dot	1913	2894	0.45	0.11949946	0.18428926	
Black	Dot	1914	2895	0.3	0.0643197	0.6736672	
Black	Dot	1915	2896	0.25	0.21261826	0.4396654	
Black	Dot	1916	2897	0.3	0.76644164	0.21838138	
Black	Dot	1917	2898	0.35	0.14905724	0.18575333	
Black	Dot	1918	2900	0.45	0.0811934	0.12245829	
Black	Dot	1919	2901	0.25	0.22488515	0.15596093	
Black	Dot	1920	2902	0.205	0.12229116	0.43247145	
Black	Dot	1921	2903	0.35	0.11621345	0.24224448	
Black	Dot	1922	2905	0.25	0.078139596	0.12837149	
Black	Dot	1923	2906	0.35	0.4050156	0.21066424	
Black	Dot	1924	2907	0.35	0.039993152	0.09748473	
Black	Dot	1925	2908	0.31	0.11479675	0.10947008	
Black	Dot	1926	2909	0.255	0.23272438	0.15787229	
Black	Dot	1927	2910	0.3	0.09628322	0.34386775	
Black	Dot	1928	2911	0.4	0.051954377	0.06995253	
Black	Dot	1929	2912	0.375	0.08267537	0.23879768	
Black	Dot	1930	2917	0.255	0.026662586	0.32184303	
Black	Dot	1931	2920	0.25	0.098011315	0.07393027	
Black	Dot	1932	2921	0.4	0.13234498	0.25204277	
Black	Dot	1933	2923	0.4	0.21605067	0.12012989	
Black	Dot	1934	2925	0.25	0.09649877	0.34628606	
Black	Dot	1935	2926	0.31	0.2494761	0.251527	
Black	Dot	1936	2930	0.4	0.29430452	0.10460035	
Black	Dot	1937	2931	0.45	0.08022373	0.18430741	
Black	Dot	1938	2932	0.4	0.22271189	0.06638903	
Black	Dot	1939	2933	0.35	0.040928993	0.13847661	
Black	Dot	1940	2934	0.3	0.122394115	0.4335277	
Black	Dot	1941	2936	0.3	0.06775729	0.29550436	
Black	Dot	1942	2937	0.35	0.28488216	0.2913476	
Black	Dot	1943	2938	0.25	0.097639285	0.18524857	
Black	Dot	1944	2940	0.3	0.048406128	0.13581096	
Black	Dot	1945	2941	0.25	0.18152817	0.32203645	
Black	Dot	1946	2942	0.3	0.078893304	0.15981494	
Black	Dot	1947	2943	0.26	0.013654889	0.24456109	
Black	Dot	1948	2944	0.25	0.06600787	0.2787896	
Black	Dot	1949	2945	0.25	0.1584825	0.15544997	
Black	Dot	1950	2946	0.4	0.24718134	0.24963595	
Black	Dot	1951	2948	0.26	0.09386394	0.234501	
Black	Dot	1952	2950	0.315	0.13232954	0.20436113	
Black	Dot	1953	2952	0.425	0.04616709	0.12091652	
Black	Dot	1954	2954	0.45	0.1120878	0.15576679	
Black	Dot	1955	2955	0.365	0.21478266	0.2160351	
Black	Dot	1956	2956	0.35	0.23320371	0.4425028	
Black	Dot	1957	2957	0.4	0.044240512	0.08262493	
Black	Dot	1958	2959	0.3	0.09244834	0.28305113	
Black	Dot	1959	2960	0.35	0.11942978	0.07991684	
Black	Dot	1960	2961	0.4	0.2268146	0.16013394	
Black	Dot	1961	2964	0.45	0.035952646	0.36633974	
Black	Dot	1962	2966	0.45	0.09244834	0.28305113	
Black	Dot	1963	2967	0.35	0.064551	0.059222776	
Black	Dot	1964	2968	0.3	0.22658306	0.24960056	
Black	Dot	1965	2971	0.4	0.09655202	0.07010779	
Black	Dot	1966	2973	0.65	0.9667791	0.045109104	
Black	Dot	1967	2974	0.45	0.49934104	0.8328071	
Black	Dot	1968	2975	0.25	0.18640022	0.12162864	
Black	Dot	1969	2976	0.3	0.07838941	0.22046256	
Black	Dot	1970	2977	0.31	0.06408348	0.28313246	
Black	Dot	1971	2978	0.4	0.24765849	0.32121482	
Black	Dot	1972	2979	0.35	0.18666229	0.07257779	
Black	Dot	1973	2980	0.35	0.15031783	0.1178355	
Black	Dot	1974	2982	0.45	0.15340814	0.37984827	
Black	Dot	1975	2983	0.3	0.10164579	0.44097945	
Black	Dot	1976	2984	0.3	0.26695037	0.076135635	
Black	Dot	1977	2985	0.35	0.045575015	0.027134515	
Black	Dot	1978	2986	0.45	0.016650049	0.06200914	
Black	Dot	1979	2987	0.35	0.08737361	0.26497218	
Black	Dot	1980	2988	0.255	0.12780122	0.25128707	
Black	Dot	1981	2989	0.31	0.013162086	0.2241685	
Black	Dot	1982	2990	0.4	0.06888975	0.24646404	
Black	Dot	1983	2991	0.4	0.0642646	0.43305218	
Black	Dot	1984	2993	0.51	0.46589994	0.16367555	
Black	Dot	1985	2994	0.365	0.078542486	0.3851655	
Black	Dot	1986	2996	0.365	0.045879457	0.15893938	
Black	Dot	1987	2997	0.5	0.03002066	0.32211804	
Black	Dot	1988	2998	0.4	0.095006056	0.9244097	
Black	Dot	1989	3000	0.2	0.067119926	0.07449051	
